100 500
0 11 84 86 19 12 10 53 57 49 17 95 74 
1 6 49 90 26 55 30 22 
2 19 69 10 6 30 13 41 19 64 76 57 78 87 18 94 8 66 50 98 36 
3 8 81 60 55 19 70 86 63 11 
4 11 94 35 34 99 45 74 59 10 82 19 6 
5 9 48 99 98 85 13 71 26 89 63 
6 12 2 31 82 20 10 18 94 76 34 49 4 93 
7 8 11 74 85 27 8 48 44 65 
8 12 38 83 88 31 80 59 2 7 76 34 43 78 
9 11 33 12 30 57 27 51 91 78 39 50 43 
10 13 2 45 73 19 6 13 57 0 65 29 4 23 59 
11 11 47 58 89 7 70 14 88 85 3 17 12 
12 11 95 9 78 0 41 52 67 26 57 11 40 
13 8 2 10 5 29 75 44 68 63 
14 9 24 94 22 11 42 55 77 92 66 
15 11 30 81 53 38 90 69 45 75 27 24 98 
16 9 93 33 29 80 53 51 50 48 28 
17 14 41 48 49 91 40 83 56 44 86 0 32 45 11 81 
18 8 75 59 6 2 93 28 67 84 
19 11 2 23 10 84 61 0 3 53 29 4 83 
20 8 6 46 44 58 48 75 31 60 
21 4 60 41 68 81 
22 8 14 66 79 1 87 29 96 67 
23 15 19 97 42 24 38 26 74 76 51 59 45 79 68 10 32 
24 7 52 14 23 63 27 50 15 
25 7 40 87 99 98 30 89 44 
26 11 61 28 23 1 42 5 96 75 12 94 41 
27 10 38 91 7 24 9 15 36 56 86 95 
28 14 26 54 66 92 95 71 18 89 58 57 16 43 74 69 
29 18 69 16 36 74 48 93 33 19 65 99 13 10 22 70 62 73 68 82 
30 8 2 15 9 40 93 25 1 55 
31 10 6 44 92 8 74 98 52 20 81 85 
32 7 37 46 95 67 17 88 23 
33 9 16 9 55 83 84 29 72 93 97 
34 8 4 96 55 97 6 36 8 54 
35 4 4 78 54 98 
36 12 73 85 98 29 96 78 48 34 27 92 80 2 
37 6 56 32 64 72 81 53 
38 9 69 27 8 40 75 65 23 70 15 
39 12 56 51 96 76 45 53 46 90 44 9 58 98 
40 13 38 25 77 30 17 56 41 46 81 74 62 12 79 
41 10 2 17 66 43 21 40 12 26 56 74 
42 7 58 67 23 61 26 49 14 
43 13 90 41 76 89 83 79 49 8 80 46 72 28 9 
44 14 31 79 93 20 59 73 39 49 87 17 97 7 13 25 
45 11 10 48 4 39 90 78 93 23 15 51 17 
46 11 20 32 57 75 95 39 63 40 50 43 98 
47 7 69 11 52 50 54 55 82 
48 11 45 60 5 17 29 64 20 36 7 16 52 
49 13 78 57 1 63 92 74 17 42 0 43 94 44 6 
50 10 57 52 59 47 24 16 46 2 9 95 
51 11 57 39 23 16 62 9 87 92 45 77 52 
52 10 47 24 80 50 31 82 61 12 48 51 
53 9 15 82 16 39 37 0 19 94 75 
54 8 72 28 90 55 66 35 47 34 
55 11 69 56 74 33 3 54 1 34 14 47 30 
56 12 55 37 39 78 77 17 40 79 27 68 41 82 
57 15 49 93 51 50 46 2 78 10 9 0 28 12 71 61 82 
58 10 11 42 99 60 20 28 39 85 75 59 
59 12 18 67 44 50 8 23 4 80 60 61 58 10 
60 8 48 21 3 58 92 59 70 20 
61 9 69 26 72 42 19 68 52 59 57 
62 7 72 64 88 51 81 40 29 
63 7 49 24 3 46 5 98 13 
64 8 2 37 90 97 62 48 78 93 
65 6 38 88 10 29 85 7 
66 11 41 22 28 98 54 73 82 72 2 90 14 
67 11 42 59 78 32 91 85 84 12 22 18 94 
68 12 80 72 84 97 61 89 23 56 21 98 29 13 
69 14 38 78 2 47 29 61 96 55 84 91 15 74 70 28 
70 7 82 38 3 11 29 69 60 
71 8 72 96 99 28 5 83 89 57 
72 10 61 62 71 54 68 37 66 33 43 80 
73 8 10 36 95 79 66 44 74 29 
74 16 55 49 88 23 4 7 29 31 73 98 40 41 69 28 0 84 
75 12 38 18 81 46 95 20 13 26 15 58 88 53 
76 9 2 39 86 23 43 91 6 8 78 
77 7 40 87 94 56 79 14 51 
78 16 69 49 95 35 56 12 57 67 2 36 45 64 8 9 90 76 
79 11 44 22 73 95 77 86 43 80 23 56 40 
80 11 52 68 90 16 8 59 79 43 36 81 72 
81 10 15 3 75 37 31 40 62 80 17 21 
82 11 6 70 53 90 66 52 4 56 47 57 29 
83 9 8 33 85 94 43 17 96 71 19 
84 9 69 0 19 33 68 91 67 18 74 
85 10 36 83 7 5 67 11 99 58 31 65 
86 6 0 76 3 79 27 17 
87 8 25 77 2 51 22 44 96 94 
88 7 8 74 62 65 11 32 75 
89 8 11 43 68 28 5 25 71 91 
90 12 1 43 80 64 54 95 45 82 15 39 78 66 
91 8 69 27 17 76 67 84 9 89 
92 7 49 31 28 60 51 36 14 
93 10 57 16 44 30 29 18 45 33 6 64 
94 12 14 4 77 95 6 83 53 2 49 26 87 67 
95 13 78 12 73 28 94 79 32 75 90 46 27 0 50 
96 9 69 39 34 36 71 83 26 22 87 
97 6 23 64 68 34 33 44 
98 13 5 66 36 31 25 74 2 35 63 68 39 46 15 
99 7 5 4 58 25 71 29 85 
