1000 5432
0 11 663 840 199 433 334 543 183 699 484 671 124 
1 11 932 713 884 607 682 937 900 563 990 866 896 
2 10 842 938 479 84 110 108 502 403 201 638 
3 10 757 646 374 792 326 796 876 507 449 973 
4 11 494 387 491 376 74 243 699 60 258 399 102 
5 11 511 540 873 375 173 232 559 675 876 569 991 
6 11 42 598 347 27 812 292 334 857 299 178 545 
7 11 364 332 326 191 358 101 820 453 957 894 9 
8 11 118 264 235 73 389 238 333 431 807 390 719 
9 11 42 583 503 267 476 7 174 374 459 298 110 
10 11 312 698 93 528 502 661 513 763 674 724 584 
11 11 657 749 158 909 109 965 895 357 798 606 702 
12 11 604 78 400 353 162 517 491 652 341 219 199 
13 11 871 657 687 500 281 576 885 968 60 141 75 
14 10 651 425 706 673 222 147 487 536 823 929 
15 11 58 891 363 404 828 938 489 186 102 233 414 
16 11 653 656 822 299 545 448 32 530 409 487 390 
17 11 73 30 434 594 33 147 183 648 112 955 283 
18 11 297 537 458 481 921 647 441 769 114 419 476 
19 11 850 534 360 403 535 936 691 556 160 886 355 
20 10 370 342 800 877 485 382 524 261 257 816 
21 11 361 441 910 275 225 243 48 636 526 558 308 
22 11 383 861 511 195 783 267 266 807 363 393 356 
23 11 332 24 768 309 849 817 452 738 167 284 357 
24 11 23 355 430 629 653 802 543 963 588 677 54 
25 11 199 887 311 844 416 231 279 490 512 576 785 
26 11 971 397 572 188 649 549 300 852 516 752 384 
27 11 831 457 194 6 120 963 357 178 570 763 584 
28 10 443 511 645 343 937 948 797 414 158 952 
29 11 694 360 795 202 45 612 676 438 400 296 376 
30 11 675 362 977 676 17 59 968 171 378 969 452 
31 10 506 235 227 533 325 50 256 212 283 790 
32 11 903 884 73 296 490 672 153 133 16 55 111 
33 11 924 926 775 42 596 255 736 17 597 732 143 
34 11 671 640 215 269 238 734 401 120 926 691 372 
35 11 733 607 961 559 993 489 255 40 819 978 492 
36 11 809 781 820 816 124 759 776 676 98 210 946 
37 11 235 912 59 79 602 341 655 512 479 563 197 
38 10 756 236 197 190 783 806 487 60 716 259 
39 11 165 907 401 314 821 311 639 840 961 228 512 
40 11 686 408 35 121 679 428 813 448 455 721 696 
41 11 287 296 197 995 908 794 823 278 875 570 125 
42 11 240 6 9 503 718 430 674 118 914 33 427 
43 11 973 809 902 721 784 677 844 279 207 716 786 
44 11 472 877 322 567 757 304 355 557 300 474 802 
45 11 694 990 221 29 482 736 878 143 872 177 427 
46 11 801 677 477 627 220 518 545 133 665 82 242 
47 10 116 713 50 578 360 376 114 783 185 856 
48 11 355 554 89 577 467 543 899 803 880 21 205 
49 10 503 678 935 884 951 440 362 717 899 478 
50 11 632 406 310 74 820 575 88 31 492 47 98 
51 11 58 435 299 855 105 940 422 712 556 555 287 
52 11 531 280 465 960 442 949 692 680 632 505 615 
53 11 406 377 641 459 915 675 488 810 469 243 833 
54 11 910 887 582 571 864 212 619 130 201 24 876 
55 10 419 149 520 632 822 620 32 243 261 724 
56 11 732 796 849 289 702 329 910 137 677 688 643 
57 11 805 913 679 157 848 61 549 575 813 760 128 
58 11 369 538 51 15 355 303 134 307 954 267 445 
59 11 37 521 306 30 793 662 914 146 301 351 167 
60 11 799 197 238 713 560 890 950 4 38 785 13 
61 11 938 731 224 439 775 407 132 283 895 57 78 
62 11 871 750 682 944 691 473 814 628 214 509 338 
63 10 268 865 610 579 841 421 286 578 448 301 
64 11 652 178 163 304 664 69 770 846 808 853 798 
65 11 902 673 665 775 887 83 92 920 622 435 268 
66 11 725 662 321 278 772 440 170 473 941 357 218 
67 11 404 352 229 79 78 625 359 775 340 670 252 
68 11 335 836 161 374 800 447 904 167 692 696 622 
69 11 369 845 702 275 790 870 135 64 284 263 287 
70 11 536 150 581 440 120 961 198 475 568 864 323 
71 11 534 706 653 467 444 362 705 591 219 75 693 
72 10 985 592 673 392 480 190 469 681 179 380 
73 11 99 17 250 617 157 423 8 717 32 224 966 
74 11 50 211 748 320 207 4 904 378 82 79 86 
75 11 910 233 78 261 442 71 281 408 950 13 327 
76 11 633 787 932 422 272 791 878 104 875 948 325 
77 11 986 140 119 580 330 180 323 188 496 812 613 
78 11 12 161 792 956 140 67 241 61 75 707 144 
79 11 37 744 190 429 532 982 132 67 451 141 74 
80 11 694 105 697 607 923 736 333 954 456 150 156 
81 11 536 434 842 324 263 730 889 508 911 323 670 
82 10 471 169 851 504 292 666 455 74 46 665 
83 11 489 65 563 398 926 991 444 116 451 108 516 
84 11 196 515 749 438 867 555 2 204 532 667 324 
85 11 129 572 589 971 155 592 403 109 313 601 984 
86 11 976 434 431 474 547 727 74 770 552 810 403 
87 11 492 566 330 290 734 947 735 704 306 450 728 
88 10 110 520 629 906 50 719 743 288 825 498 
89 11 972 854 492 557 882 685 363 48 426 966 510 
90 11 991 109 690 852 939 889 145 936 900 327 795 
91 11 374 871 213 923 96 220 812 590 539 728 874 
92 11 231 767 65 329 249 255 266 382 539 377 726 
93 11 368 113 824 893 986 618 10 596 930 717 662 
94 11 704 270 373 962 730 132 904 982 272 551 779 
95 10 719 169 337 720 482 658 702 512 219 826 
96 11 244 611 443 725 289 704 394 700 91 827 302 
97 11 703 863 927 659 333 527 643 306 667 565 547 
98 11 510 36 318 187 107 379 50 213 553 225 204 
99 11 733 186 73 294 996 817 251 945 158 371 974 
100 11 551 174 715 192 732 800 965 183 219 113 650 
101 11 746 633 913 366 155 7 556 887 921 649 870 
102 11 896 712 15 575 592 353 931 228 4 327 150 
103 11 538 706 396 740 406 907 974 425 536 840 686 
104 11 863 305 722 418 76 495 776 375 443 696 342 
105 11 80 138 858 51 619 372 437 817 943 179 803 
106 11 866 972 718 142 639 254 518 834 522 380 761 
107 10 321 98 324 575 699 881 981 785 761 390 
108 11 994 766 830 918 420 299 83 834 416 2 583 
109 11 466 851 538 85 505 11 90 317 817 829 870 
110 11 739 88 244 167 626 460 929 114 9 2 324 
111 11 351 734 827 900 790 123 425 277 836 32 999 
112 11 401 559 472 269 927 627 719 591 652 301 17 
113 11 93 100 464 292 117 216 853 965 490 874 717 
114 11 713 486 373 607 793 18 707 358 47 208 110 
115 11 679 392 690 805 893 905 889 154 747 493 710 
116 11 118 47 83 658 566 509 944 683 145 189 528 
117 11 472 843 113 644 536 808 237 399 281 296 308 
118 11 912 8 116 42 848 601 164 997 765 304 768 
119 11 173 346 337 804 77 295 631 938 425 906 326 
120 11 869 978 504 573 462 924 193 70 27 34 845 
121 11 828 428 332 234 40 640 953 206 463 526 383 
122 11 234 323 354 327 256 819 530 565 584 475 178 
123 11 824 927 538 601 691 741 111 661 408 697 306 
124 11 36 656 918 307 960 756 638 259 973 0 386 
125 11 286 768 282 630 404 41 818 135 795 638 496 
126 11 561 928 790 795 258 408 606 989 568 667 228 
127 11 148 213 313 813 803 176 371 825 571 980 660 
128 11 635 549 281 697 636 881 135 592 344 57 690 
129 11 375 152 240 495 499 747 85 947 983 441 577 
130 11 378 511 247 707 54 217 331 522 558 483 308 
131 11 429 749 771 586 876 630 861 338 911 526 772 
132 10 460 443 970 94 518 757 175 292 79 61 
133 10 489 621 248 923 379 588 825 32 46 936 
134 11 554 611 337 938 533 468 780 997 247 292 58 
135 10 279 396 877 455 69 128 890 125 795 980 
136 11 213 158 976 772 647 200 603 188 217 589 405 
137 11 917 749 181 481 177 960 308 185 353 819 56 
138 11 240 635 194 991 732 105 385 891 608 242 368 
139 10 312 199 268 562 447 450 532 960 834 774 
140 11 77 632 477 677 78 676 245 290 622 650 257 
141 11 939 352 488 843 181 79 354 13 881 436 150 
142 11 577 325 143 619 957 371 471 106 959 986 687 
143 11 142 658 604 45 892 263 449 33 204 920 380 
144 11 209 238 421 697 497 323 769 78 454 781 522 
145 11 631 837 116 512 634 90 886 931 759 980 436 
146 10 705 152 280 59 789 974 401 952 911 987 
147 11 307 756 254 845 14 608 17 263 218 243 580 
148 11 489 726 127 669 854 221 929 225 170 253 190 
149 11 294 202 834 55 521 168 150 216 487 663 388 
150 10 70 149 80 381 915 319 399 141 683 102 
151 10 892 271 533 166 941 512 622 959 390 931 
152 11 129 749 930 463 907 426 146 377 209 199 994 
153 11 186 567 642 607 617 588 762 32 449 222 609 
154 10 605 240 326 115 815 796 507 660 911 881 
155 11 594 405 241 559 659 477 192 350 101 979 85 
156 11 238 556 187 920 854 345 999 314 80 191 251 
157 11 659 197 57 189 735 493 484 250 73 182 595 
158 11 136 188 99 172 347 668 28 11 367 745 485 
159 11 194 791 221 541 477 892 569 620 568 523 260 
160 11 686 649 183 745 231 850 890 760 187 898 19 
161 11 248 935 269 206 260 728 68 78 928 570 184 
162 11 200 934 179 12 564 887 340 312 580 182 339 
163 11 610 338 277 662 812 748 994 64 505 418 822 
164 11 645 184 850 118 997 824 498 941 894 794 264 
165 11 495 452 843 39 478 202 940 611 812 498 797 
166 11 992 687 770 774 151 719 503 479 401 804 343 
167 11 791 242 669 23 602 924 110 762 59 801 68 
168 11 462 149 486 197 764 532 456 638 590 176 989 
169 11 209 224 95 971 788 955 725 979 538 82 236 
170 10 439 148 925 333 556 715 66 952 827 415 
171 10 263 638 30 789 469 357 934 324 291 178 
172 11 374 930 402 955 423 158 654 898 603 395 627 
173 11 223 119 427 326 862 317 615 5 839 754 613 
174 10 100 9 305 824 282 779 963 355 774 516 
175 11 265 720 452 412 302 853 389 619 523 132 888 
176 11 964 618 127 829 179 277 523 380 695 228 168 
177 11 802 275 993 750 45 616 858 623 881 137 537 
178 11 64 6 431 298 717 451 252 683 171 122 27 
179 11 162 227 832 105 478 760 349 919 176 72 380 
180 11 868 430 465 564 77 878 608 899 330 509 506 
181 11 616 864 371 408 137 255 687 819 141 746 602 
182 11 623 433 397 345 510 447 744 157 445 303 162 
183 11 160 100 297 389 17 0 425 395 988 721 409 
184 11 164 679 258 432 937 211 428 392 987 161 903 
185 11 244 298 864 137 276 423 690 356 47 281 552 
186 11 99 719 304 153 738 478 484 949 15 897 785 
187 11 156 228 869 98 160 372 303 542 628 761 514 
188 11 158 580 900 77 948 136 824 26 716 320 547 
189 11 723 809 157 862 578 211 996 553 116 306 400 
190 11 441 825 925 79 484 38 876 148 72 511 312 
191 10 978 463 388 700 156 7 754 656 926 794 
192 11 596 100 805 155 918 496 319 436 308 836 730 
193 11 199 594 601 821 200 474 556 987 824 711 120 
194 11 138 345 159 283 790 837 249 349 27 278 563 
195 11 402 951 533 645 701 22 840 582 783 285 497 
196 10 197 84 553 528 350 826 646 472 402 569 
197 11 787 196 433 850 168 38 37 157 60 41 926 
198 11 797 860 491 401 777 418 934 715 608 409 70 
199 11 531 373 193 25 724 152 139 12 0 716 567 
200 11 647 662 664 162 750 870 618 310 136 578 193 
201 11 240 632 453 777 54 318 281 761 449 546 2 
202 11 149 700 414 656 690 535 484 29 165 462 289 
203 11 230 946 711 412 962 790 879 939 848 320 576 
204 11 764 914 385 238 143 84 98 267 895 215 415 
205 11 488 843 948 586 630 320 291 266 48 956 583 
206 11 161 121 671 399 685 614 349 222 457 843 773 
207 10 644 994 370 668 340 485 276 74 393 43 
208 11 754 258 809 682 925 804 114 350 475 513 252 
209 11 958 169 472 270 441 238 144 442 152 214 463 
210 11 469 810 36 918 517 284 496 875 688 410 436 
211 11 738 184 991 254 971 74 816 898 393 189 743 
212 11 421 507 269 504 717 887 54 995 31 695 361 
213 11 593 136 622 127 91 648 875 446 882 418 98 
214 11 896 209 749 529 764 222 62 331 381 286 634 
215 11 34 289 924 204 666 301 761 880 290 353 516 
216 10 929 881 149 113 686 439 899 723 277 609 
217 11 714 388 768 271 704 136 888 895 338 130 844 
218 11 376 611 435 909 582 939 504 66 931 267 147 
219 11 969 100 12 579 747 480 627 299 705 95 71 
220 11 412 879 265 293 653 627 46 856 605 874 91 
221 11 335 387 579 815 571 159 535 326 45 685 148 
222 11 540 314 563 428 206 873 761 14 214 658 153 
223 11 593 375 173 489 581 849 312 933 377 535 463 
224 11 838 527 169 368 73 709 61 685 585 601 788 
225 11 643 465 148 98 550 372 378 21 410 998 549 
226 11 424 809 621 247 945 387 277 471 811 661 712 
227 11 607 714 373 394 479 31 179 486 644 857 377 
228 11 187 852 39 743 176 409 400 126 566 252 102 
229 11 663 550 422 927 865 67 323 336 386 950 627 
230 10 270 806 460 203 278 624 282 971 377 908 
231 11 847 907 92 409 327 707 590 535 914 160 25 
232 11 733 703 884 482 549 998 520 631 5 801 639 
233 11 664 901 15 601 872 768 359 253 483 75 541 
234 11 913 122 121 273 710 985 625 598 581 605 867 
235 11 531 37 896 31 453 780 994 725 8 594 402 
236 11 554 406 336 169 366 479 475 787 503 38 612 
237 10 523 682 435 349 306 636 859 689 772 117 
238 11 209 156 589 406 559 204 34 989 144 60 8 
239 11 470 746 845 913 514 576 624 272 998 273 392 
240 11 129 138 42 610 595 201 335 154 406 325 986 
241 10 155 590 444 833 549 78 539 591 914 989 
242 11 167 138 433 452 926 308 46 888 660 565 816 
243 11 922 254 971 53 147 4 55 21 698 681 752 
244 11 841 96 731 185 110 937 553 625 746 994 343 
245 10 661 642 364 438 888 643 140 781 403 584 
246 11 826 682 691 547 317 644 816 867 496 296 765 
247 11 226 585 134 857 928 671 654 977 130 971 942 
248 11 551 161 865 753 687 539 503 726 133 361 993 
249 11 998 194 268 729 924 92 891 870 665 353 983 
250 11 73 157 985 825 933 826 759 327 788 526 416 
251 11 618 380 99 937 903 728 156 895 589 989 649 
252 11 828 307 804 386 527 67 358 178 208 552 228 
253 11 411 148 548 233 547 455 634 622 381 296 409 
254 11 325 916 383 621 346 445 106 243 211 147 806 
255 11 274 35 181 389 33 92 870 914 929 596 502 
256 11 878 740 766 868 582 986 353 508 795 31 122 
257 11 719 488 791 877 537 755 20 393 140 997 506 
258 11 208 946 184 476 543 941 4 980 727 844 126 
259 10 260 579 792 572 499 924 498 786 124 38 
260 11 161 259 969 518 710 586 705 740 159 363 777 
261 11 321 555 415 790 20 852 55 688 546 75 915 
262 11 694 520 315 787 515 718 897 835 667 656 912 
263 11 822 171 446 540 143 147 461 324 81 592 69 
264 11 8 412 312 310 164 410 507 915 661 418 928 
265 11 645 309 734 446 748 175 953 932 993 220 391 
266 10 328 336 92 274 22 580 404 512 816 205 
267 10 879 940 58 9 218 641 22 204 478 933 
268 11 913 962 63 960 65 343 621 139 249 367 305 
269 11 161 652 631 303 487 112 858 757 34 212 984 
270 11 209 647 924 230 678 94 279 458 573 503 561 
271 11 470 602 340 575 779 460 587 151 217 325 811 
272 10 706 76 239 309 572 392 94 960 544 666 
273 11 747 514 348 239 946 491 728 915 749 234 686 
274 11 309 255 987 290 636 356 527 437 614 266 842 
275 11 177 288 793 709 420 310 21 393 69 891 380 
276 11 892 475 450 686 349 207 680 848 521 185 560 
277 11 163 226 974 701 111 665 526 547 216 672 176 
278 11 230 194 639 545 66 995 681 324 475 759 41 
279 10 913 135 270 845 422 419 25 43 696 667 
280 11 52 486 352 397 289 773 941 576 146 995 465 
281 10 806 847 185 128 634 442 201 13 75 117 
282 11 712 669 999 522 541 941 174 230 595 125 796 
283 11 194 290 492 464 61 31 798 876 770 17 648 
284 11 832 368 23 396 439 415 69 808 410 898 210 
285 11 476 992 600 912 195 668 873 485 779 457 693 
286 11 499 971 125 863 679 602 63 532 922 880 214 
287 11 481 41 694 766 385 776 690 69 844 51 980 
288 11 275 433 822 595 620 767 918 338 88 898 976 
289 11 280 477 472 96 437 202 215 891 728 56 969 
290 11 283 570 673 391 87 274 140 756 837 297 215 
291 11 862 789 426 680 537 419 724 171 205 816 660 
292 11 581 395 134 6 307 113 132 82 361 305 780 
293 11 663 439 646 720 385 220 974 474 696 314 771 
294 11 593 651 149 348 993 616 493 573 663 99 635 
295 11 718 692 733 923 780 374 838 489 372 600 119 
296 11 41 688 29 446 903 32 253 246 770 622 117 
297 11 482 18 505 647 841 406 487 979 183 687 290 
298 11 893 727 368 862 9 469 586 328 178 185 908 
299 11 51 905 365 635 6 714 108 219 882 16 543 
300 11 802 44 874 797 583 806 26 880 778 425 676 
301 11 377 654 59 883 112 956 215 814 63 416 502 
302 11 412 780 858 791 359 96 753 437 175 811 707 
303 11 733 58 269 725 962 671 182 187 784 399 522 
304 11 186 118 397 673 44 803 872 801 64 432 314 
305 11 104 805 345 739 174 764 268 755 807 845 292 
306 11 59 366 87 97 444 926 123 237 667 837 189 
307 11 738 147 531 615 58 616 704 124 292 252 487 
308 10 740 137 242 798 192 130 117 21 837 436 
309 11 265 274 531 848 671 413 272 807 23 539 641 
310 11 50 382 616 200 275 415 999 264 754 966 349 
311 11 668 39 767 455 350 25 403 584 648 943 552 
312 11 223 10 139 912 458 908 190 377 162 264 742 
313 11 656 661 573 631 85 435 127 811 606 643 996 
314 11 222 835 293 156 39 778 449 660 304 393 936 
315 11 262 579 952 702 941 765 944 636 730 380 541 
316 11 864 645 791 753 626 767 349 888 525 960 537 
317 11 841 173 930 482 389 383 367 109 509 246 519 
318 11 369 98 407 823 810 981 786 201 661 386 380 
319 11 530 438 339 979 737 150 859 192 852 861 417 
320 11 612 458 188 571 910 547 644 74 205 672 203 
321 10 970 625 261 329 107 704 653 662 428 66 
322 11 501 841 680 720 930 780 428 44 687 622 715 
323 11 422 463 229 77 917 144 81 122 875 70 400 
324 11 438 813 666 81 975 84 110 263 171 107 278 
325 11 142 254 240 771 271 967 31 641 76 981 789 
326 11 173 221 154 3 654 824 685 480 7 119 360 
327 11 396 231 701 762 517 122 90 250 416 75 102 
328 10 466 844 266 718 800 385 364 540 298 873 
329 10 321 488 927 394 789 92 497 56 945 786 
330 11 838 456 559 463 77 87 953 528 180 530 846 
331 11 593 352 830 822 214 648 981 919 130 775 959 
332 11 424 23 970 822 517 971 775 7 730 121 893 
333 11 958 376 525 417 80 394 973 97 643 170 8 
334 11 645 370 336 880 703 345 6 0 500 852 467 
335 11 593 863 847 221 902 712 858 68 963 240 776 
336 11 334 988 236 229 562 379 438 266 948 423 553 
337 11 134 833 119 851 491 350 585 346 95 554 441 
338 11 163 613 918 288 814 217 839 853 882 62 131 
339 11 548 895 706 571 707 319 490 620 162 478 790 
340 11 271 710 540 730 886 396 458 422 162 207 67 
341 11 635 603 994 532 12 37 450 646 979 688 849 
342 11 593 104 412 708 20 417 770 844 721 711 453 
343 11 854 440 912 268 166 28 758 467 244 921 956 
344 11 940 554 385 917 585 363 667 524 410 591 128 
345 11 194 348 334 600 305 550 182 825 363 156 710 
346 11 119 913 827 361 446 567 397 254 539 374 337 
347 10 740 471 946 632 6 603 734 158 626 405 
348 11 294 675 860 483 878 273 884 509 345 395 647 
349 11 662 703 194 206 310 276 468 316 943 237 179 
350 11 196 901 337 155 421 710 448 982 311 208 655 
351 10 747 111 894 703 849 450 59 832 528 521 
352 11 280 359 506 67 848 376 820 331 141 693 815 
353 11 12 995 256 137 888 215 861 846 102 584 249 
354 10 713 597 507 356 386 432 141 409 122 570 
355 11 24 48 471 58 44 811 977 364 19 174 587 
356 11 450 637 946 603 453 274 776 185 684 22 354 
357 11 392 594 877 66 11 759 27 171 425 23 783 
358 11 712 594 7 505 728 776 891 114 660 983 252 
359 10 748 352 302 553 233 693 999 67 413 911 
360 11 29 326 823 47 871 365 920 398 800 19 405 
361 11 346 21 248 993 704 804 504 292 784 212 519 
362 11 30 648 504 49 923 501 910 822 570 71 521 
363 10 15 89 345 586 779 383 640 344 260 22 
364 11 635 7 379 574 608 328 245 706 577 743 355 
365 11 299 843 529 964 360 753 415 869 774 853 781 
366 11 501 410 236 306 101 778 740 505 884 878 373 
367 11 398 678 268 529 867 926 158 591 649 317 808 
368 11 388 93 908 691 284 138 298 945 801 224 607 
369 11 621 58 744 871 69 318 550 854 846 418 443 
370 11 334 667 20 565 858 617 751 626 641 207 878 
371 10 142 526 99 860 815 181 538 773 586 127 
372 11 673 295 883 105 187 762 34 507 772 225 839 
373 11 199 385 559 942 804 114 366 94 597 705 227 
374 11 854 172 91 295 865 346 547 3 68 894 9 
375 11 223 972 129 958 539 944 559 5 429 754 104 
376 11 333 218 352 440 535 29 878 920 47 4 953 
377 11 53 301 223 152 843 883 990 92 227 230 312 
378 10 896 130 30 616 964 868 225 934 74 608 
379 11 364 694 815 882 336 133 811 928 788 509 98 
380 11 251 429 315 176 72 143 933 318 275 179 106 
381 11 854 529 991 518 214 253 665 150 920 680 560 
382 11 310 448 615 92 460 662 407 400 20 455 945 
383 11 254 22 939 938 317 848 121 419 524 363 855 
384 11 996 846 618 516 837 26 591 588 772 667 583 
385 11 373 138 293 204 344 328 794 287 913 741 549 
386 10 808 229 767 814 756 318 252 759 354 124 
387 11 221 424 226 473 454 4 817 895 662 546 892 
388 11 787 368 191 873 217 414 530 434 149 954 564 
389 11 599 587 8 978 317 442 183 255 773 546 175 
390 11 824 579 8 620 507 16 875 151 698 408 107 
391 11 958 868 411 597 581 556 265 839 895 290 961 
392 11 115 357 184 450 639 72 272 239 418 468 545 
393 11 812 792 964 211 314 22 275 509 207 606 257 
394 11 445 586 227 333 813 475 329 458 96 466 747 
395 10 292 348 629 862 481 172 497 634 808 183 
396 11 930 327 722 103 545 703 284 135 755 894 340 
397 11 280 679 633 346 567 182 304 907 26 428 613 
398 11 431 367 360 652 762 480 83 825 417 545 985 
399 10 826 206 996 888 451 303 989 4 150 117 
400 11 12 29 518 382 189 978 323 408 683 228 661 
401 11 787 112 805 617 166 39 34 725 146 198 803 
402 11 471 195 952 784 787 889 235 196 983 172 447 
403 11 539 631 673 533 85 19 311 2 86 245 914 
404 11 15 536 67 891 670 583 885 266 514 125 442 
405 11 155 499 872 666 954 597 136 347 360 576 697 
406 11 50 53 240 236 238 602 946 872 603 297 103 
407 11 958 786 382 61 957 890 526 562 416 318 727 
408 10 40 181 658 123 400 126 788 390 75 565 
409 11 231 992 198 16 183 458 253 716 228 674 354 
410 11 366 573 971 344 626 864 264 225 284 677 210 
411 11 391 253 538 704 557 589 674 456 891 558 626 
412 11 993 220 302 851 342 449 203 264 687 175 517 
413 11 459 309 744 715 664 575 526 592 769 359 737 
414 11 202 626 388 572 497 691 544 28 614 15 748 
415 11 429 533 420 310 365 261 284 170 514 204 524 
416 11 847 554 615 407 108 301 25 566 250 606 327 
417 11 333 567 342 548 398 505 740 506 861 319 939 
418 10 104 655 718 369 392 213 163 264 198 826 
419 11 961 55 709 440 18 383 676 776 982 279 291 
420 11 466 609 919 746 275 108 590 817 415 473 507 
421 11 771 212 631 350 561 144 682 63 713 668 892 
422 11 76 323 229 51 970 907 340 702 821 279 755 
423 10 832 675 865 73 172 713 336 640 185 752 
424 11 733 992 226 718 332 764 709 684 919 387 793 
425 10 14 119 103 618 357 300 111 183 522 959 
426 11 563 152 89 764 951 626 689 291 996 513 880 
427 11 173 940 577 848 42 524 45 756 904 639 994 
428 11 121 322 397 184 747 321 222 874 799 40 736 
429 11 569 415 131 375 865 744 708 380 454 79 742 
430 11 901 624 805 494 906 737 180 24 896 453 42 
431 11 604 398 634 809 711 906 86 178 504 983 8 
432 10 972 511 616 184 304 905 461 759 354 885 
433 11 621 970 585 0 242 288 182 497 197 555 572 
434 11 678 388 17 86 722 81 608 487 508 659 830 
435 11 51 874 932 65 855 849 313 850 237 218 732 
436 11 874 600 758 956 695 192 308 145 943 210 141 
437 10 750 946 289 563 440 302 985 274 105 536 
438 11 651 324 29 336 745 867 949 245 84 319 742 
439 11 293 170 716 736 956 284 665 872 61 216 752 
440 11 343 522 680 49 537 70 437 419 542 376 66 
441 11 209 562 974 190 769 129 949 21 337 481 18 
442 11 209 52 389 474 740 833 404 281 879 75 637 
443 11 651 28 104 369 604 96 717 132 938 665 739 
444 11 892 703 801 306 721 241 71 795 879 695 83 
445 11 645 394 516 573 254 58 182 595 478 922 782 
446 11 265 346 213 951 609 263 296 457 468 519 903 
447 11 645 906 956 800 139 182 905 68 402 887 480 
448 11 382 684 668 40 350 16 63 648 740 524 879 
449 11 548 486 635 412 314 143 960 885 153 3 201 
450 11 471 794 356 341 700 392 139 276 759 351 87 
451 11 501 83 774 79 962 931 178 889 399 763 724 
452 11 165 554 636 791 175 242 30 733 628 599 23 
453 11 988 430 235 7 356 535 661 649 342 201 806 
454 11 619 387 602 429 783 512 144 760 498 561 915 
455 11 493 984 382 40 253 135 311 702 803 82 523 
456 11 330 610 577 80 411 908 880 168 727 777 698 
457 10 27 561 446 206 641 963 767 285 473 609 
458 11 320 270 394 830 467 18 340 312 778 723 409 
459 11 53 413 930 9 731 686 957 546 741 665 742 
460 10 230 132 271 948 916 797 966 461 382 110 
461 11 613 535 891 950 922 680 460 432 263 670 825 
462 11 902 545 497 168 992 202 615 850 120 816 682 
463 11 152 642 599 650 209 223 191 781 323 330 121 
464 11 731 701 766 631 871 925 283 113 928 937 995 
465 11 52 481 608 180 935 280 652 225 729 964 960 
466 11 758 420 717 995 109 328 394 710 899 570 757 
467 11 958 646 896 343 683 872 71 48 458 334 947 
468 10 762 134 684 392 446 736 557 349 605 763 
469 11 489 598 210 892 72 530 527 298 171 890 53 
470 11 501 239 738 271 856 511 611 677 910 841 849 
471 11 621 612 402 450 82 226 882 355 347 142 629 
472 11 209 44 117 289 956 832 112 196 663 745 477 
473 11 503 387 420 66 62 666 457 638 677 513 536 
474 11 832 921 293 193 44 485 917 877 442 86 794 
475 10 276 236 394 709 937 278 208 70 122 670 
476 11 734 285 530 488 9 819 788 258 18 655 945 
477 11 289 963 712 159 155 46 472 140 820 745 802 
478 11 165 670 186 445 953 49 525 267 585 179 339 
479 11 599 551 236 486 37 720 227 2 614 664 166 
480 11 766 606 326 679 219 772 729 447 72 639 398 
481 11 465 671 287 441 499 137 739 587 395 598 18 
482 11 232 613 297 543 931 45 736 95 317 641 687 
483 10 639 348 562 623 873 702 233 521 630 130 
484 10 641 604 202 186 157 868 190 909 966 0 
485 11 865 474 548 158 735 20 921 817 207 894 285 
486 11 280 645 558 168 479 991 449 751 976 114 227 
487 11 858 149 269 434 297 609 785 38 14 307 16 
488 11 703 205 863 718 257 476 329 53 141 649 952 
489 11 223 148 469 83 133 295 977 15 807 711 35 
490 10 957 581 113 814 339 32 625 25 727 786 
491 11 972 12 579 337 4 273 987 529 198 762 758 
492 11 89 87 906 50 815 35 999 283 983 673 791 
493 11 294 455 675 115 157 931 961 698 854 812 990 
494 11 430 721 4 972 592 526 692 835 889 528 743 
495 11 129 165 893 574 614 508 963 859 643 947 104 
496 11 564 77 743 589 741 784 210 246 192 125 980 
497 11 462 433 414 395 195 998 876 801 585 329 144 
498 11 516 165 860 164 784 88 976 844 259 568 454 
499 11 129 286 922 679 670 259 722 405 542 481 623 
500 11 789 334 507 516 622 560 13 769 701 674 670 
501 11 651 322 470 366 715 451 569 755 988 789 362 
502 11 708 543 553 301 759 10 667 255 820 637 2 
503 10 42 473 49 660 248 236 270 9 166 838 
504 11 120 431 710 757 362 218 82 361 212 640 588 
505 11 297 855 52 366 572 682 163 417 358 109 813 
506 11 616 31 352 561 874 560 716 180 417 257 818 
507 11 212 264 372 354 420 154 654 390 500 3 756 
508 10 495 992 434 758 545 532 256 784 81 637 
509 11 891 348 706 379 640 62 116 833 393 317 180 
510 11 828 98 599 89 711 860 972 580 182 964 525 
511 11 733 5 882 432 130 470 719 22 772 28 190 
512 11 646 37 454 861 39 266 145 95 852 151 25 
513 10 948 663 854 923 640 426 473 514 208 10 
514 11 273 239 709 415 404 187 634 513 810 568 886 
515 11 84 262 659 869 892 641 550 784 823 767 959 
516 11 445 498 942 960 83 174 963 384 215 500 26 
517 11 582 332 12 327 765 947 210 412 590 859 560 
518 11 604 754 983 132 756 381 260 46 106 400 540 
519 11 961 847 446 557 760 575 361 751 317 783 637 
520 11 262 967 232 750 738 55 552 695 88 863 595 
521 11 59 149 362 351 681 915 949 695 483 968 276 
522 11 440 282 130 976 727 425 144 106 303 666 786 
523 11 962 237 551 935 159 728 175 723 819 455 176 
524 11 860 567 629 427 383 344 870 857 20 415 448 
525 11 333 838 887 748 589 316 510 897 643 981 478 
526 10 371 121 494 407 277 21 576 131 413 250 
527 10 224 469 97 274 543 724 968 552 252 911 
528 11 196 624 494 330 699 10 989 351 116 773 666 
529 11 629 623 491 819 965 365 214 367 381 668 753 
530 11 476 823 319 388 469 873 330 975 16 737 122 
531 11 651 52 646 694 235 199 792 307 309 747 610 
532 11 341 286 827 168 139 508 831 943 574 79 84 
533 11 847 578 134 973 415 719 31 403 151 977 195 
534 11 930 71 560 648 19 821 571 769 968 923 969 
535 10 461 223 221 202 231 453 376 984 19 544 
536 11 404 81 70 103 473 437 591 859 117 14 693 
537 11 942 936 729 440 18 827 257 785 177 316 291 
538 11 58 103 809 169 859 109 411 123 683 371 650 
539 11 375 403 847 248 675 346 309 91 92 241 759 
540 11 5 222 850 602 518 263 961 773 328 340 822 
541 11 934 988 159 282 820 233 770 894 696 315 856 
542 10 697 940 499 440 650 905 899 187 721 826 
543 11 482 502 527 584 0 299 258 24 549 48 628 
544 11 650 596 863 567 720 414 535 837 879 272 721 
545 11 462 396 16 6 609 677 46 278 508 392 398 
546 10 607 387 389 459 928 866 261 820 201 919 
547 11 548 374 841 97 253 86 246 802 320 188 277 
548 11 955 547 339 449 700 754 253 897 732 417 485 
549 11 232 543 969 57 241 385 26 128 957 225 737 
550 11 678 369 345 229 953 515 225 672 757 643 829 
551 11 733 248 100 615 600 954 666 735 523 479 94 
552 11 711 520 922 997 814 86 185 311 527 765 252 
553 11 196 678 244 98 359 189 336 727 502 982 866 
554 11 651 134 236 894 772 452 850 48 344 416 337 
555 11 951 433 684 51 757 586 751 261 84 644 834 
556 11 156 804 988 193 51 739 391 170 101 652 19 
557 11 89 933 659 924 44 468 568 519 832 411 961 
558 11 970 486 656 411 691 855 973 130 21 590 660 
559 11 615 375 155 373 330 112 35 5 835 630 238 
560 11 534 789 933 517 276 500 60 506 898 381 915 
561 11 906 732 126 766 421 627 270 506 659 457 454 
562 11 441 624 792 483 673 336 585 139 856 614 407 
563 11 815 996 426 37 437 944 222 812 194 83 1 
564 11 927 695 496 162 180 981 601 388 921 968 603 
565 11 370 901 97 705 242 976 122 886 408 699 852 
566 11 652 805 87 822 995 116 895 416 915 836 228 
567 11 958 346 44 524 615 153 417 708 544 199 397 
568 10 601 805 159 557 514 498 70 698 126 788 
569 11 639 429 501 993 5 159 964 196 617 722 833 
570 11 290 161 466 586 362 41 354 27 625 846 763 
571 11 221 930 862 534 994 701 339 654 320 54 127 
572 11 902 720 259 414 85 26 272 433 505 903 797 
573 11 946 294 270 445 410 313 923 987 120 620 858 
574 11 495 828 364 969 532 742 933 950 835 886 861 
575 11 611 271 50 57 107 413 945 775 596 102 519 
576 11 697 280 239 802 405 25 760 526 885 203 13 
577 11 733 142 774 662 129 686 427 456 48 990 364 
578 11 533 901 200 63 726 189 722 909 732 47 692 
579 11 221 653 591 219 390 259 315 63 990 491 906 
580 11 188 696 510 77 868 978 620 266 162 147 820 
581 11 223 292 935 642 70 897 710 391 490 746 234 
582 11 907 681 517 712 195 773 953 218 256 54 589 
583 11 749 9 300 404 967 205 384 881 605 108 763 
584 11 856 543 708 311 699 122 27 821 10 245 353 
585 10 247 992 433 337 562 729 497 344 224 478 
586 11 394 260 205 371 298 570 131 363 699 676 555 
587 11 389 882 901 604 271 481 658 588 355 964 856 
588 11 792 713 133 587 153 862 929 885 24 504 384 
589 11 238 751 85 251 136 411 496 525 582 716 803 
590 10 241 231 91 420 872 681 517 823 168 558 
591 11 595 579 779 367 344 112 536 71 688 241 384 
592 11 72 830 85 868 494 263 128 102 737 857 413 
593 10 633 335 294 223 706 342 711 213 918 331 
594 11 841 155 979 235 193 357 17 740 358 840 682 
595 11 240 928 591 694 445 520 714 157 288 779 282 
596 11 544 192 768 657 93 33 953 255 575 780 826 
597 11 391 373 764 33 405 655 804 775 354 625 644 
598 10 469 646 615 738 684 6 481 234 782 956 
599 11 463 479 389 743 865 452 510 963 919 781 830 
600 11 551 657 788 295 839 947 436 833 761 285 345 
601 11 720 568 118 564 193 85 653 233 959 123 224 
602 11 271 37 771 957 286 998 454 406 181 167 540 
603 11 341 744 172 347 860 664 356 622 564 136 406 
604 11 787 12 431 518 587 954 143 650 484 942 443 
605 11 612 154 220 918 234 977 724 965 904 468 583 
606 10 480 313 995 11 691 880 393 699 126 416 
607 11 35 227 739 546 153 80 114 368 1 894 978 
608 11 869 138 465 434 364 640 147 857 180 378 198 
609 11 420 766 446 545 487 634 968 216 153 457 856 
610 11 240 720 163 706 456 962 63 783 909 531 942 
611 11 134 969 575 842 96 165 769 470 218 700 714 
612 11 471 320 605 890 693 236 29 803 782 700 623 
613 11 482 830 687 461 657 173 397 338 754 77 713 
614 10 495 935 562 815 479 656 206 664 414 274 
615 11 551 559 173 52 382 598 307 715 462 416 567 
616 11 294 631 181 832 506 307 310 378 177 432 815 
617 11 809 901 370 857 924 153 908 401 73 653 569 
618 11 709 251 857 200 93 384 683 763 176 425 804 
619 11 142 454 175 105 54 742 914 796 674 977 879 
620 11 916 624 159 573 580 390 55 931 875 288 339 
621 11 226 988 369 471 433 632 989 133 649 254 268 
622 11 213 322 65 860 603 140 253 151 500 68 296 
623 11 529 923 182 809 815 499 793 177 612 483 917 
624 11 430 937 648 742 620 230 765 528 917 562 239 
625 11 321 244 747 234 855 597 831 697 490 67 570 
626 11 414 370 347 410 799 411 426 761 717 316 110 
627 11 871 112 219 172 561 911 229 220 46 984 877 
628 11 641 635 452 966 62 814 187 722 638 543 634 
629 11 669 529 776 524 88 395 973 720 24 471 849 
630 11 743 752 559 851 700 125 131 205 961 483 973 
631 11 616 783 145 232 119 269 464 313 692 403 421 
632 11 621 50 985 997 52 840 55 140 201 347 731 
633 11 733 593 76 678 940 765 778 397 101 840 773 
634 11 431 979 253 214 609 737 281 395 145 628 514 
635 11 138 851 341 946 364 128 449 299 294 628 849 
636 11 909 954 452 779 274 128 315 21 237 759 931 
637 11 356 970 868 502 821 519 508 818 442 954 980 
638 10 171 863 744 628 473 755 168 2 125 124 
639 11 642 569 483 427 392 480 232 695 278 106 39 
640 11 34 121 871 509 423 363 513 608 655 896 504 
641 11 53 628 484 482 325 370 457 267 309 515 811 
642 11 463 639 754 853 153 648 245 960 581 771 758 
643 11 793 225 495 333 313 97 550 911 56 245 525 
644 11 985 207 227 773 555 898 983 117 597 320 246 
645 11 863 265 164 447 445 334 813 316 486 28 195 
646 11 531 684 512 988 196 293 660 598 467 3 341 
647 11 270 200 917 876 297 974 654 852 348 136 18 
648 11 362 624 642 534 213 995 17 448 331 283 311 
649 11 160 621 488 453 797 367 101 251 792 26 864 
650 11 463 544 604 738 927 883 542 100 752 538 140 
651 11 294 901 531 554 501 443 438 774 14 690 883 
652 11 269 64 566 12 465 556 398 112 864 855 723 
653 11 579 16 617 71 842 601 24 220 966 321 907 
654 10 301 968 247 647 326 747 172 571 507 945 
655 11 418 37 712 640 476 780 597 806 727 350 788 
656 11 754 313 202 262 707 558 614 16 191 124 802 
657 11 600 789 11 848 723 859 13 596 861 613 838 
658 11 143 899 750 917 222 835 587 95 116 408 752 
659 11 700 157 669 434 97 683 557 515 155 695 561 
660 11 503 646 314 242 760 127 943 558 154 291 358 
661 11 313 245 226 453 777 264 123 318 400 959 10 
662 11 200 349 387 577 793 59 321 93 163 66 382 
663 11 809 293 229 707 0 294 149 847 820 513 472 
664 11 200 233 912 479 603 877 614 413 857 64 692 
665 11 65 443 459 439 46 277 751 831 82 249 381 
666 11 675 551 405 272 473 944 215 324 82 528 522 
667 11 370 262 97 344 842 84 306 502 384 279 126 
668 11 797 741 311 529 421 207 716 448 285 772 158 
669 11 958 629 808 899 148 167 901 936 282 659 887 
670 11 478 499 827 461 796 404 67 500 475 81 980 
671 11 481 686 34 247 309 937 744 685 303 206 0 
672 10 869 942 860 732 550 956 794 320 32 277 
673 11 65 372 562 72 304 922 403 14 850 290 492 
674 11 801 42 411 619 781 808 786 500 409 965 10 
675 11 348 30 666 886 423 53 493 681 5 539 940 
676 11 767 36 30 29 918 586 419 140 708 300 723 
677 10 46 470 545 24 56 140 697 473 43 410 
678 11 633 434 550 998 553 270 367 738 49 956 843 
679 11 397 115 751 184 862 810 286 57 480 40 499 
680 10 440 52 322 461 794 276 774 866 291 381 
681 11 582 973 993 675 686 521 72 278 898 590 243 
682 11 800 246 462 594 62 1 208 907 505 237 421 
683 11 834 659 538 467 618 116 400 178 819 818 150 
684 11 646 867 424 972 748 555 883 468 448 598 356 
685 10 946 221 89 326 671 206 779 985 905 224 
686 11 671 160 40 577 216 273 681 103 276 459 756 
687 11 613 248 322 181 412 166 688 142 482 13 297 
688 10 296 341 793 687 715 56 997 261 591 210 
689 10 795 750 942 986 842 426 973 846 763 237 
690 11 115 651 202 902 900 741 185 287 128 90 836 
691 11 368 804 414 34 19 990 558 606 123 246 62 
692 11 295 52 631 494 976 765 664 578 997 922 68 
693 11 762 352 612 793 825 71 536 778 359 285 826 
694 11 531 262 45 29 80 595 853 708 379 287 739 
695 11 564 520 659 639 444 212 521 176 998 436 785 
696 10 580 104 293 68 541 920 279 889 818 40 
697 11 80 576 542 990 864 625 123 677 405 144 128 
698 11 10 493 906 748 243 939 456 950 716 568 390 
699 11 897 586 528 0 798 967 584 4 606 107 565 
700 11 202 659 749 611 612 191 630 450 903 548 96 
701 11 464 764 195 997 726 571 837 702 277 327 500 
702 11 793 801 701 315 56 422 11 483 69 95 455 
703 11 232 488 758 799 97 807 444 334 351 349 396 
704 11 932 94 851 361 96 307 751 321 217 411 87 
705 11 948 146 851 373 832 260 806 219 565 71 721 
706 11 593 272 71 964 978 339 103 14 509 610 364 
707 11 663 231 739 656 964 114 130 839 339 302 78 
708 11 932 502 694 567 342 714 429 861 584 840 676 
709 11 424 618 962 830 921 275 224 475 419 514 996 
710 11 746 581 466 260 504 340 345 115 350 234 916 
711 11 593 552 787 489 342 510 431 203 739 757 193 
712 11 335 282 358 477 102 582 922 655 226 866 51 
713 11 1 114 354 423 894 840 47 588 60 613 421 
714 11 227 217 736 791 810 299 611 752 708 814 595 
715 11 501 100 615 844 762 322 170 688 728 413 198 
716 10 439 199 668 188 589 43 506 409 698 38 
717 11 466 443 73 93 626 810 49 178 113 899 212 
718 11 424 295 828 418 727 488 328 992 42 106 262 
719 11 186 257 95 511 930 533 166 8 112 88 799 
720 11 610 601 322 766 293 479 95 572 175 544 629 
721 11 494 342 444 40 544 797 43 542 705 805 183 
722 11 104 940 434 744 499 569 396 578 985 730 628 
723 11 657 189 523 945 837 981 676 652 216 853 458 
724 11 199 838 845 796 291 605 55 451 527 866 10 
725 11 787 66 169 235 771 782 303 885 96 851 401 
726 11 148 779 248 578 867 803 92 934 778 900 701 
727 11 298 718 553 522 807 407 490 86 655 456 258 
728 11 161 932 289 273 91 251 715 87 523 358 811 
729 11 988 803 465 585 953 778 537 249 846 748 480 
730 10 920 332 969 94 340 722 315 81 981 192 
731 11 244 464 459 989 767 741 835 61 809 632 952 
732 11 561 56 735 100 138 33 548 578 672 435 834 
733 11 633 424 551 232 511 99 577 35 303 295 452 
734 11 265 476 869 908 838 777 111 347 34 912 87 
735 10 732 972 551 912 157 754 87 990 485 984 
736 11 791 811 45 482 80 866 468 428 714 439 33 
737 11 808 430 870 634 530 592 319 980 549 413 763 
738 11 470 869 307 211 678 520 598 900 650 186 23 
739 11 607 909 110 711 443 305 922 556 694 707 481 
740 11 256 866 347 308 366 594 103 260 417 442 448 
741 11 668 385 731 459 781 881 690 751 951 496 123 
742 11 842 624 902 574 438 459 783 619 312 429 876 
743 11 599 630 364 923 228 88 494 496 211 897 767 
744 11 369 955 79 883 413 182 722 638 429 603 671 
745 10 160 902 472 871 477 438 867 158 880 852 
746 11 239 710 101 581 244 181 856 846 420 916 925 
747 11 129 273 351 531 115 654 394 219 428 625 916 
748 11 265 359 684 729 955 163 525 414 74 698 855 
749 11 152 583 137 913 11 131 898 700 214 84 273 
750 11 865 437 62 200 689 520 869 658 855 177 874 
751 10 589 486 679 704 370 555 908 741 665 519 
752 11 630 650 714 867 423 925 439 770 243 658 26 
753 11 248 878 966 302 316 823 365 933 529 810 908 
754 11 642 656 208 375 173 613 735 548 518 191 310 
755 11 832 501 396 305 257 947 638 829 941 422 798 
756 11 147 38 427 518 507 386 794 967 290 686 124 
757 11 843 3 269 711 44 466 781 132 555 504 550 
758 11 703 466 768 790 833 436 642 508 919 491 343 
759 11 36 450 357 278 636 502 539 432 386 250 145 
760 10 991 160 827 934 57 179 519 576 454 660 
761 11 890 600 782 222 626 187 215 201 856 106 107 
762 11 962 693 468 491 903 715 398 167 153 327 372 
763 11 883 618 451 27 468 583 689 737 904 570 10 
764 11 424 204 214 947 426 597 977 168 995 701 305 
765 11 633 624 118 926 692 517 315 807 246 835 552 
766 11 938 480 720 287 256 609 108 561 464 850 813 
767 11 92 676 932 731 288 311 457 743 386 316 515 
768 11 988 821 868 817 758 118 217 23 125 596 233 
769 10 441 611 534 18 782 855 880 144 500 413 
770 11 776 342 166 867 283 541 752 64 86 857 296 
771 11 863 421 642 974 725 293 602 945 325 131 877 
772 11 136 554 511 480 66 668 372 384 975 131 237 
773 11 280 389 540 934 206 944 371 633 582 644 528 
774 11 651 577 166 139 949 451 919 174 936 680 365 
775 10 33 332 65 833 597 61 784 331 575 67 
776 11 824 770 911 36 104 629 287 335 358 356 419 
777 11 935 800 927 734 260 975 198 201 976 661 456 
778 10 633 366 729 726 314 813 796 300 693 458 
779 11 726 271 595 685 978 94 636 174 363 591 285 
780 11 302 295 134 235 322 655 989 836 929 292 596 
781 11 36 463 599 757 674 904 365 785 245 741 144 
782 11 792 612 725 948 769 761 911 892 598 445 910 
783 11 631 610 838 195 22 742 357 38 454 47 519 
784 11 402 303 508 498 775 885 496 361 515 870 43 
785 11 961 537 781 487 60 859 967 695 25 186 107 
786 11 407 318 674 983 522 836 329 43 259 490 821 
787 11 76 604 197 388 942 725 401 262 711 402 236 
788 10 600 169 379 476 796 250 224 655 408 568 
789 11 657 500 501 171 560 941 291 146 325 329 996 
790 11 194 758 799 203 840 31 339 69 111 126 261 
791 11 159 736 167 76 452 302 257 921 316 492 714 
792 11 531 903 782 588 78 3 259 562 966 393 649 
793 11 849 702 643 59 114 688 275 424 693 662 623 
794 11 450 942 385 164 931 474 41 672 680 191 756 
795 11 29 689 912 444 256 125 126 90 944 135 836 
796 11 56 778 788 154 282 936 968 670 724 3 619 
797 11 932 668 198 865 300 165 28 460 649 572 721 
798 11 878 11 977 283 64 308 699 821 755 853 835 
799 11 703 60 428 790 834 842 859 719 812 883 626 
800 11 851 841 682 802 100 328 68 20 447 777 360 
801 10 702 46 674 232 902 368 304 444 497 167 
802 11 800 177 300 972 44 24 656 477 576 976 547 
803 11 729 912 612 304 726 105 589 127 401 48 455 
804 11 556 119 373 815 166 252 361 208 618 691 597 
805 11 430 927 57 972 568 566 305 192 115 401 721 
806 11 230 281 901 825 38 453 254 831 705 655 300 
807 11 703 992 489 309 8 305 953 22 765 965 727 
808 11 970 737 386 669 968 284 367 395 674 117 64 
809 11 226 663 36 617 431 43 538 189 623 208 731 
810 10 210 679 753 714 53 717 827 514 318 86 
811 11 736 226 379 302 313 728 985 989 641 271 355 
812 10 938 393 165 493 6 563 77 163 91 799 
813 11 645 394 766 778 127 839 40 505 324 833 57 
814 11 913 714 916 62 628 386 870 552 338 490 301 
815 11 221 563 371 352 623 379 614 616 154 804 492 
816 11 36 462 211 291 20 242 266 975 880 939 246 
817 10 942 387 99 768 23 420 485 109 910 105 
818 10 847 933 829 696 125 987 683 637 939 506 
819 10 988 35 181 529 926 476 137 523 122 683 
820 11 36 663 352 7 477 50 580 965 546 541 502 
821 11 768 193 534 39 422 936 945 798 637 786 584 
822 11 332 263 906 331 55 566 540 163 16 288 362 
823 11 530 843 360 753 41 515 318 14 939 590 999 
824 11 93 776 123 885 390 902 326 164 193 174 188 
825 11 190 345 398 133 88 250 693 806 461 886 127 
826 11 196 246 399 869 542 95 250 693 596 418 881 
827 11 346 96 532 537 952 670 810 111 760 170 928 
828 11 718 510 121 986 941 252 980 982 574 15 876 
829 11 927 943 109 928 914 818 550 176 982 998 755 
830 11 613 108 592 331 599 893 921 458 934 434 709 
831 10 862 898 27 917 916 532 806 933 625 665 
832 11 616 474 755 284 423 472 917 179 705 351 557 
833 11 337 600 758 813 53 775 569 442 241 509 879 
834 11 149 683 799 139 108 732 106 848 555 957 900 
835 10 314 559 262 731 494 658 765 967 574 798 
836 11 68 780 111 786 566 690 981 795 975 890 192 
837 11 145 194 701 544 290 723 306 384 987 915 308 
838 11 940 224 330 295 783 724 929 503 525 657 734 
839 11 958 173 600 940 927 391 813 707 372 338 959 
840 10 0 633 594 632 713 195 103 39 708 790 
841 11 800 594 244 317 322 470 297 63 950 547 994 
842 11 860 742 2 611 653 799 689 274 667 81 997 
843 11 165 757 117 919 678 365 205 377 141 823 206 
844 11 328 342 715 941 287 25 498 43 967 217 258 
845 11 239 982 305 120 147 724 69 900 949 279 872 
846 11 384 369 746 729 864 64 570 920 330 689 353 
847 11 335 231 533 959 416 818 916 539 519 281 663 
848 11 657 352 118 427 309 383 984 834 276 57 203 
849 11 223 793 888 351 635 23 629 341 56 470 435 
850 11 164 19 889 554 197 766 462 673 540 160 435 
851 11 635 800 82 109 630 412 705 949 337 704 725 
852 11 228 647 334 512 261 26 90 319 943 565 745 
853 10 642 694 858 113 175 365 723 338 64 798 
854 11 89 374 343 887 381 369 513 156 148 947 493 
855 11 505 884 750 51 435 748 769 383 625 558 652 
856 11 470 584 562 746 220 914 47 587 609 541 761 
857 10 618 247 227 617 6 664 524 608 770 592 
858 11 335 487 999 269 302 853 105 573 370 177 986 
859 11 657 495 538 799 536 517 785 987 981 237 319 
860 11 348 951 842 524 510 622 198 371 672 498 603 
861 10 22 657 708 512 131 319 574 353 417 975 
862 11 173 291 831 993 679 298 571 189 954 395 588 
863 11 335 645 104 771 638 918 488 286 544 97 520 
864 11 181 316 981 649 652 410 185 846 697 54 70 
865 11 248 750 485 921 423 63 797 599 429 374 229 
866 11 740 106 884 712 1 736 553 680 968 546 724 
867 11 684 438 752 234 905 745 84 367 726 770 246 
868 11 391 180 768 256 592 580 637 909 378 484 876 
869 11 738 120 608 672 904 750 515 826 734 187 365 
870 11 977 200 814 524 737 249 255 109 69 101 784 
871 11 369 627 62 13 992 875 91 464 745 640 360 
872 11 974 45 406 467 304 845 590 233 975 405 439 
873 11 5 884 388 222 875 530 285 483 328 970 934 
874 11 435 436 935 220 428 300 982 91 506 750 113 
875 10 905 76 871 213 873 620 210 41 323 390 
876 11 647 5 190 497 742 3 828 54 868 131 283 
877 11 44 903 627 257 135 664 357 771 957 20 474 
878 11 753 256 798 76 348 45 366 924 370 180 376 
879 11 220 267 444 544 203 619 833 448 920 904 442 
880 11 334 286 300 215 426 745 48 606 456 769 816 
881 11 216 985 177 741 128 583 107 826 154 889 141 
882 10 587 511 89 471 991 213 379 907 299 338 
883 11 969 763 684 744 651 372 650 897 301 377 799 
884 11 232 348 1 855 866 32 978 873 930 49 366 
885 11 824 725 991 588 449 404 784 576 967 432 13 
886 11 675 340 19 825 914 145 565 911 979 514 574 
887 11 854 965 65 447 54 669 25 525 162 101 212 
888 11 849 992 986 217 175 245 399 316 353 965 242 
889 10 850 402 115 937 494 451 81 696 90 881 
890 11 938 761 893 612 469 160 407 947 135 60 836 
891 11 15 910 509 138 289 411 461 249 404 358 275 
892 11 986 444 276 151 159 515 387 421 143 469 782 
893 11 495 298 93 332 924 895 890 906 115 955 830 
894 10 351 554 374 607 164 7 713 396 485 541 
895 10 339 387 893 391 251 11 204 217 61 566 
896 11 235 214 378 102 430 1 900 996 975 467 640 
897 11 935 699 262 581 186 883 548 984 743 944 525 
898 10 831 749 172 211 160 288 681 644 284 560 
899 11 658 669 466 717 905 48 216 542 49 998 180 
900 11 188 738 1 896 726 845 690 834 926 111 90 
901 11 651 430 233 587 565 806 578 617 350 953 669 
902 11 335 65 572 462 801 690 742 43 824 745 913 
903 11 792 32 700 572 986 251 762 296 446 184 877 
904 10 869 427 94 74 781 879 68 605 967 763 
905 11 299 875 950 115 447 867 909 432 685 542 899 
906 11 447 561 430 119 893 579 492 822 698 88 431 
907 11 231 582 152 397 682 973 39 422 882 653 103 
908 11 368 617 734 230 751 298 41 753 984 456 312 
909 11 739 636 610 868 578 218 959 484 11 952 905 
910 11 891 54 75 470 362 817 987 320 21 782 56 
911 11 776 627 782 643 81 131 154 359 527 146 886 
912 11 37 118 262 664 803 312 735 285 795 343 734 
913 11 346 268 234 814 279 749 239 902 101 57 385 
914 11 204 42 231 59 619 829 255 403 241 856 886 
915 11 53 273 264 521 566 560 929 261 454 150 837 
916 11 254 620 847 746 460 984 831 710 747 814 996 
917 11 647 137 624 658 323 344 832 623 957 831 474 
918 11 593 863 338 210 108 192 605 676 124 934 288 
919 11 420 424 843 599 758 774 179 331 546 967 980 
920 10 156 730 65 360 376 143 879 381 696 846 
921 10 474 865 564 830 709 343 791 18 485 101 
922 11 499 243 712 445 673 739 286 692 979 552 461 
923 11 623 295 573 80 534 513 743 133 91 979 362 
924 11 270 33 893 617 259 120 215 167 557 249 878 
925 11 958 938 948 746 170 208 951 963 464 190 752 
926 11 33 819 306 83 765 197 367 242 191 34 900 
927 11 805 564 829 329 112 97 777 650 839 123 229 
928 11 595 161 247 379 464 546 126 827 829 264 999 
929 11 955 216 148 838 588 110 780 255 14 954 915 
930 11 152 534 396 884 322 571 719 317 172 459 93 
931 11 482 493 218 620 794 451 151 636 999 145 102 
932 11 76 704 1 797 708 767 949 435 265 728 937 
933 11 557 223 753 977 818 831 250 574 560 267 380 
934 11 162 541 830 918 773 726 873 171 760 378 198 
935 11 161 777 897 962 523 874 49 974 581 614 465 
936 11 537 669 19 774 796 979 314 950 133 821 90 
937 11 624 244 184 1 671 932 251 889 475 28 464 
938 11 134 766 812 61 890 119 15 383 2 925 443 
939 10 383 141 218 203 816 823 90 698 818 417 
940 11 633 838 344 267 542 675 165 427 839 722 51 
941 11 828 280 164 789 66 282 258 315 151 844 755 
942 11 787 817 537 604 610 672 794 247 689 516 373 
943 10 829 532 105 349 311 660 959 852 436 983 
944 10 375 563 773 897 62 116 666 315 947 795 
945 11 226 99 771 368 476 382 329 723 654 821 575 
946 11 635 573 685 258 356 203 273 36 437 347 406 
947 11 129 600 495 854 764 87 755 517 467 944 890 
948 11 951 705 513 76 925 460 782 205 28 188 336 
949 10 966 52 932 851 441 186 438 845 521 774 
950 10 905 841 229 955 461 936 60 698 574 75 
951 11 860 948 555 925 195 49 446 978 426 987 741 
952 11 402 974 955 909 146 315 731 170 28 488 827 
953 11 265 901 121 729 582 596 330 376 550 807 478 
954 10 636 551 604 58 388 80 862 405 929 637 
955 11 744 964 548 929 169 893 172 748 950 952 17 
956 11 447 678 472 436 343 672 598 301 439 78 205 
957 10 142 490 602 7 917 877 834 459 407 549 
958 10 375 209 669 567 925 333 391 467 407 839 
959 11 847 142 601 909 943 331 151 839 425 515 661 
960 11 52 642 268 124 137 449 272 465 139 516 316 
961 11 35 419 519 785 493 39 540 70 557 391 630 
962 11 268 762 523 610 935 997 709 94 303 203 451 
963 11 477 335 495 599 925 27 174 971 24 457 516 
964 11 955 176 706 465 510 569 365 378 707 393 587 
965 10 887 100 529 113 11 888 820 807 605 674 
966 11 753 949 89 792 969 653 484 628 460 73 310 
967 11 520 325 756 844 919 583 699 835 904 885 785 
968 11 654 30 564 534 521 796 866 609 527 808 13 
969 11 611 883 219 30 574 534 730 289 260 966 549 
970 11 332 321 808 558 433 982 132 637 994 422 873 
971 11 286 26 332 169 247 85 211 243 230 410 963 
972 11 375 89 491 432 106 805 802 684 735 494 510 
973 11 681 43 629 533 333 907 630 3 558 689 124 
974 11 441 872 935 293 771 647 277 952 146 99 103 
975 10 990 896 872 777 324 816 530 772 836 861 
976 11 136 86 486 802 692 777 498 522 565 288 999 
977 11 30 870 489 247 533 764 355 798 933 605 619 
978 11 120 191 706 884 35 951 389 779 580 607 400 
979 11 594 169 341 155 923 297 922 936 319 634 886 
980 11 828 127 737 258 135 496 670 637 287 919 145 
981 11 864 564 325 525 723 331 318 836 859 107 730 
982 10 845 828 970 94 874 553 79 419 350 829 
983 10 129 402 431 492 518 644 786 358 943 249 
984 11 993 627 916 455 735 848 897 535 85 269 908 
985 11 632 644 72 234 685 250 437 881 722 398 811 
986 11 828 77 892 142 888 689 93 903 240 858 256 
987 11 274 491 573 184 193 951 910 837 146 818 859 
988 11 621 768 729 453 819 501 646 336 541 556 183 
989 11 621 238 731 251 811 528 780 399 241 168 126 
990 11 45 975 579 577 1 991 493 697 735 377 691 
991 11 138 760 90 486 882 990 885 5 211 381 83 
992 11 424 166 285 807 888 462 585 409 871 508 718 
993 11 294 412 984 35 681 361 248 177 569 862 265 
994 11 341 108 235 244 970 841 152 571 207 427 163 
995 11 466 280 764 648 464 278 353 566 606 41 212 
996 11 563 384 99 896 189 916 789 709 313 399 426 
997 11 632 134 118 164 962 701 692 688 552 842 257 
998 10 678 249 232 239 602 497 899 225 829 695 
999 11 858 156 492 282 310 823 928 359 976 111 931 
