1000 10454
0 21 549 808 257 2 138 67 51 535 620 955 373 714 671 633 819 706 772 10 660 281 224 
1 21 922 797 67 450 752 504 769 664 638 210 275 476 229 17 715 999 211 254 817 185 972 
2 21 150 386 944 485 0 66 721 480 923 969 738 742 630 669 172 694 168 121 107 342 663 
3 21 180 728 922 331 272 184 944 209 866 156 882 330 821 113 278 500 999 607 147 773 657 
4 21 828 32 659 650 71 858 745 334 384 135 435 64 364 674 732 565 587 669 686 42 181 
5 21 872 155 375 169 84 43 337 374 649 695 426 239 390 613 413 672 448 101 243 214 848 
6 21 444 529 150 32 948 331 75 613 83 704 627 930 997 618 534 667 517 623 656 669 577 
7 21 739 949 427 372 519 934 951 732 591 175 590 160 106 95 472 840 194 706 945 470 720 
8 21 380 155 746 318 231 18 988 207 724 154 682 544 113 448 717 485 417 88 636 337 692 
9 21 537 688 179 458 52 524 229 381 824 234 497 518 691 126 93 486 544 780 869 444 583 
10 21 943 66 938 788 324 245 162 478 202 484 517 264 747 221 776 53 715 671 436 725 0 
11 21 183 207 350 869 429 770 555 487 640 871 705 945 167 732 921 212 503 286 299 636 439 
12 21 165 136 257 44 506 369 484 745 161 291 50 688 479 376 287 906 887 941 676 904 858 
13 21 513 742 635 797 332 434 293 867 743 455 909 405 114 212 966 172 619 152 736 593 624 
14 21 375 155 299 464 413 434 484 339 319 70 476 923 661 749 92 868 251 275 547 421 698 
15 21 290 319 609 130 857 916 858 357 789 560 96 387 499 306 674 359 334 243 924 337 360 
16 21 956 315 567 728 462 662 714 971 933 558 987 184 735 316 968 872 437 325 341 113 176 
17 21 527 637 183 694 596 141 450 84 651 308 455 771 706 418 431 798 232 693 433 968 1 
18 21 304 892 8 209 735 813 45 656 909 47 163 888 764 698 43 319 850 173 489 910 33 
19 21 48 247 432 774 741 487 246 98 570 437 731 884 851 33 801 584 353 428 740 287 500 
20 21 797 324 241 207 722 894 73 591 909 516 575 264 752 769 676 336 411 175 560 686 993 
21 21 405 465 506 940 522 349 188 904 577 736 671 407 274 24 864 588 988 366 724 505 173 
22 21 713 444 506 540 280 625 609 347 591 687 469 500 998 43 114 562 258 906 133 892 853 
23 21 101 318 347 117 728 416 557 454 370 601 883 472 417 966 319 296 392 233 856 412 63 
24 21 53 74 132 549 427 516 423 43 409 562 21 588 143 771 363 634 789 158 787 126 261 
25 21 76 433 770 755 795 546 544 522 326 816 710 34 224 740 422 145 768 66 59 461 289 
26 21 214 666 616 506 380 944 561 57 227 394 577 863 309 913 152 55 489 211 363 717 128 
27 20 737 176 386 802 343 342 348 694 792 496 86 507 531 764 445 568 401 357 247 403 
28 21 728 35 461 799 335 702 256 515 840 893 413 177 610 60 99 998 285 220 351 531 118 
29 21 130 367 77 834 703 56 597 679 824 125 376 737 140 511 50 122 570 852 885 696 323 
30 21 818 917 755 75 522 613 566 902 629 682 854 990 648 725 926 377 441 511 670 303 152 
31 21 346 169 273 942 695 904 230 382 657 147 173 305 926 166 580 505 385 240 251 754 750 
32 21 699 437 959 898 531 865 570 722 4 495 504 837 889 856 6 716 292 953 300 220 668 
33 21 884 190 282 257 880 673 314 609 553 438 233 216 951 388 94 19 18 892 295 92 291 
34 20 814 519 74 559 552 491 141 57 594 285 213 919 500 985 424 25 557 122 530 560 
35 21 28 444 167 616 36 470 540 116 48 535 683 68 904 980 577 586 198 689 900 852 409 
36 21 273 712 150 853 83 166 900 586 823 727 387 536 485 60 628 541 304 989 35 459 659 
37 21 694 508 576 807 540 765 78 82 844 442 188 112 193 872 376 532 701 811 591 593 604 
38 21 857 578 273 355 963 88 933 480 269 137 676 593 147 126 494 190 579 467 830 58 536 
39 21 720 180 132 412 758 460 325 882 645 308 43 526 383 838 474 291 179 374 236 826 613 
40 21 658 169 225 770 222 375 427 266 437 279 784 530 200 136 265 173 336 50 705 398 158 
41 21 294 214 79 127 546 300 929 883 188 687 891 151 45 841 928 171 967 120 237 479 761 
42 21 306 396 519 149 673 81 741 881 177 94 276 133 258 232 186 994 536 64 376 584 4 
43 21 974 74 756 5 659 625 39 508 741 639 18 984 22 684 682 45 767 282 828 24 192 
44 21 700 132 720 555 420 872 746 553 141 12 688 699 67 966 339 551 765 460 243 975 806 
45 21 300 601 126 616 796 991 107 764 18 250 534 729 725 587 336 305 503 698 41 407 43 
46 21 702 108 744 818 353 718 989 192 371 63 635 975 925 261 857 294 59 759 860 386 573 
47 20 578 149 416 746 127 456 262 876 332 844 599 561 18 981 233 612 689 353 66 825 
48 21 514 19 699 978 659 460 413 172 750 994 777 626 653 932 110 35 870 181 541 146 488 
49 21 872 475 730 990 176 519 598 116 545 177 943 853 193 418 437 762 271 587 790 130 156 
50 21 331 288 755 658 758 29 51 968 12 94 769 824 405 674 145 54 717 40 126 670 693 
51 21 802 897 145 155 876 544 88 86 517 469 974 50 133 951 0 303 605 750 61 920 252 
52 21 553 637 9 78 596 927 60 141 156 216 905 205 912 284 499 417 479 622 136 900 787 
53 21 515 24 101 807 159 354 201 10 562 148 356 91 662 179 785 638 607 749 863 298 321 
54 21 205 872 783 540 324 331 654 496 893 645 651 757 622 195 119 301 750 670 166 50 58 
55 21 813 165 194 454 362 703 393 599 60 358 152 26 114 586 65 953 171 119 203 465 501 
56 21 546 159 396 74 796 241 207 245 274 216 95 742 29 118 935 369 298 597 587 215 125 
57 21 922 665 849 946 566 934 453 815 503 26 463 768 34 686 931 80 465 274 300 185 651 
58 21 413 273 194 546 765 744 931 555 937 359 135 428 38 137 328 632 261 145 128 54 776 
59 21 769 273 699 456 46 792 803 67 605 73 858 25 382 592 357 644 682 254 852 376 671 
60 21 606 36 807 809 28 420 539 118 706 52 740 937 115 55 121 736 882 889 279 618 931 
61 21 330 952 441 514 51 574 656 983 586 622 740 227 415 934 575 265 287 538 994 794 468 
62 21 950 167 702 611 927 963 242 883 847 69 442 571 524 422 123 363 181 364 622 373 191 
63 21 432 807 880 46 23 290 670 542 100 251 346 243 286 654 341 335 305 927 663 608 449 
64 21 831 419 352 835 561 434 323 888 539 187 954 801 271 139 834 42 275 674 4 776 958 
65 21 280 160 494 862 699 751 566 890 975 104 468 469 424 684 436 551 274 749 55 465 147 
66 21 10 443 2 88 857 292 227 25 811 129 47 206 274 952 859 721 766 939 747 580 923 
67 21 658 668 432 44 194 312 0 689 185 554 723 59 878 573 784 953 1 882 400 294 865 
68 21 488 737 843 165 976 948 886 764 323 701 401 35 156 404 474 287 98 445 148 321 983 
69 21 807 374 97 959 898 515 903 839 890 605 760 185 62 791 958 131 652 928 332 121 968 
70 21 453 432 799 849 343 944 242 118 553 585 571 696 171 111 14 387 301 403 137 179 218 
71 21 75 395 767 700 310 416 986 343 549 245 566 438 252 683 452 503 84 4 466 828 555 
72 21 739 797 571 843 165 590 411 164 455 723 970 664 605 136 600 100 425 320 105 687 108 
73 21 950 170 510 691 563 882 228 916 20 254 828 59 614 817 218 901 626 777 268 340 701 
74 21 176 559 540 704 947 446 519 24 351 43 797 34 466 56 509 765 84 551 954 462 755 
75 21 520 323 71 432 402 540 561 228 960 261 643 152 589 741 911 303 6 333 92 30 844 
76 21 922 25 524 228 799 497 544 162 535 498 274 366 539 676 96 291 401 229 754 168 293 
77 21 29 579 772 728 690 402 314 78 605 565 588 643 338 418 939 354 838 825 306 602 340 
78 21 755 389 124 861 903 37 481 204 835 179 947 77 494 52 284 837 109 601 276 983 521 
79 21 956 765 611 513 597 892 553 309 41 934 170 470 855 724 297 786 927 559 223 100 318 
80 21 700 971 959 663 341 703 521 439 57 90 260 878 539 687 227 334 151 826 873 772 855 
81 21 225 412 602 557 42 129 562 762 274 627 471 837 232 146 447 221 192 957 705 475 809 
82 21 110 959 222 606 37 280 526 207 774 351 490 401 334 337 621 231 433 718 842 100 923 
83 21 608 264 770 155 194 36 241 464 350 375 6 534 293 833 927 631 422 749 336 590 351 
84 21 515 463 808 74 5 583 606 922 355 609 107 130 664 681 179 643 452 17 868 98 71 
85 21 361 576 880 840 355 294 246 531 248 743 219 600 274 729 161 551 265 211 965 790 635 
86 21 903 947 272 355 558 664 27 548 305 953 569 831 363 797 503 483 489 51 547 747 735 
87 21 691 728 946 546 654 704 923 590 128 368 707 729 366 693 327 670 767 282 120 789 985 
88 21 272 356 8 596 925 246 965 761 38 399 407 51 311 383 211 698 66 759 580 660 910 
89 21 938 202 683 789 506 312 896 326 115 816 912 367 929 243 509 158 200 500 390 574 820 
90 21 978 929 909 725 700 127 288 402 783 730 105 724 997 442 469 298 989 787 80 882 93 
91 21 207 426 414 253 931 285 640 94 53 133 647 258 775 900 259 301 732 607 511 868 588 
92 21 639 567 412 75 253 347 33 359 664 569 550 798 235 776 406 724 430 14 179 693 634 
93 21 124 9 783 419 962 496 220 99 984 775 920 733 994 899 541 953 90 260 226 844 110 
94 21 683 232 949 295 620 33 912 745 554 50 91 208 977 529 509 682 407 377 185 42 258 
95 21 997 361 7 727 419 703 56 901 961 909 230 360 623 381 936 383 203 305 941 160 773 
96 21 375 255 552 299 445 76 585 442 15 891 133 624 644 381 749 286 779 528 403 689 399 
97 21 69 546 352 253 810 639 445 182 884 585 833 200 779 203 834 601 617 337 870 505 899 
98 21 651 542 249 153 84 370 725 706 429 629 448 466 707 548 660 881 906 19 701 223 68 
99 21 728 663 222 678 28 957 468 717 977 729 144 93 554 831 119 733 494 188 482 653 485 
100 20 629 79 167 63 72 512 573 741 130 890 533 102 591 517 871 557 82 157 798 562 
101 21 124 23 364 534 315 310 665 5 610 838 207 638 545 667 286 941 744 398 433 53 512 
102 21 720 862 974 777 100 916 231 693 812 779 919 939 403 425 340 473 960 892 954 743 284 
103 21 508 217 948 540 318 371 360 624 993 926 263 918 607 766 965 145 977 617 421 995 430 
104 21 818 745 169 641 464 521 242 369 178 780 603 65 920 307 647 524 701 145 941 612 327 
105 20 980 335 720 874 72 350 722 220 597 90 712 429 851 871 710 577 258 281 232 784 
106 21 113 637 7 273 521 370 570 368 845 661 161 463 830 582 440 784 411 768 832 530 757 
107 21 234 957 124 756 2 314 526 839 979 224 545 548 45 405 627 84 580 527 967 864 292 
108 21 46 820 130 974 543 262 204 222 154 486 766 153 640 490 557 715 459 381 72 922 553 
109 21 821 329 802 658 332 844 78 174 605 438 816 782 883 973 624 664 171 778 670 994 748 
110 21 222 82 693 543 799 48 735 268 218 224 886 725 784 511 920 93 400 166 448 509 984 
111 20 275 976 770 362 792 751 521 513 358 233 777 420 409 70 873 388 195 766 632 565 
112 21 609 591 256 249 922 37 991 655 654 529 164 359 885 600 197 800 115 627 831 586 285 
113 21 837 106 16 194 8 563 434 882 847 947 3 952 137 463 855 638 518 815 140 143 998 
114 21 384 719 796 522 613 680 473 821 250 22 146 785 13 684 859 55 328 391 776 147 584 
115 21 445 149 389 827 460 458 89 60 950 300 112 434 570 603 269 168 467 800 932 181 493 
116 21 386 658 976 938 416 986 861 35 940 293 628 533 839 419 771 674 930 464 357 873 49 
117 21 23 221 755 663 470 922 372 963 733 178 636 415 539 983 954 433 747 936 738 674 503 
118 21 199 466 506 944 722 209 56 60 328 70 505 951 120 357 173 500 905 368 643 28 723 
119 21 874 416 741 238 99 805 55 336 542 145 588 54 586 584 356 592 501 812 275 321 965 
120 21 447 642 180 808 690 419 222 280 130 290 118 981 636 851 743 87 142 265 571 229 41 
121 21 797 519 514 917 149 756 2 412 709 60 535 252 69 836 404 302 964 842 224 824 219 
122 21 575 959 372 835 29 252 981 408 585 366 936 137 766 801 750 34 390 794 708 953 428 
123 21 444 203 169 225 456 949 726 602 439 450 731 205 281 738 62 899 364 660 365 387 634 
124 21 799 598 986 101 93 736 396 440 107 734 408 272 78 663 776 753 742 774 310 347 426 
125 21 792 603 752 696 811 759 328 649 665 946 299 522 421 764 574 885 813 254 56 383 29 
126 21 45 155 9 299 477 163 800 974 381 972 38 418 198 879 24 632 128 617 223 398 50 
127 21 804 654 370 47 793 171 626 715 142 496 838 90 704 834 788 229 325 41 810 767 446 
128 21 221 709 341 609 730 646 442 334 87 647 660 789 969 601 58 580 126 26 679 452 158 
129 20 730 81 762 527 533 525 894 878 805 539 684 742 186 66 748 562 622 160 390 333 
130 21 108 29 578 397 625 49 184 120 15 841 551 644 837 100 286 598 84 801 680 651 153 
131 21 735 616 460 451 884 545 737 69 998 337 504 309 436 383 198 969 911 601 716 628 200 
132 21 44 331 425 265 690 537 39 961 316 434 769 900 285 846 940 24 714 348 919 481 719 
133 21 517 519 165 699 320 51 888 490 930 22 863 474 589 91 286 96 254 175 42 197 392 
134 20 533 515 470 927 413 744 491 349 283 488 620 437 490 453 914 499 357 135 615 231 
135 21 770 332 141 636 213 600 305 307 151 4 850 189 58 134 682 193 197 160 161 268 263 
136 21 12 827 922 875 602 72 568 52 493 532 889 716 965 40 897 542 528 406 560 193 195 
137 21 937 402 946 222 508 347 437 805 916 113 424 279 70 122 405 38 254 617 754 58 390 
138 21 150 222 141 664 959 616 903 695 431 0 552 639 731 658 234 524 837 200 724 422 313 
139 21 205 719 414 848 730 300 826 518 296 924 990 363 920 171 64 705 706 939 271 789 697 
140 21 156 577 225 537 199 726 502 809 837 29 438 888 113 967 235 906 428 688 382 772 990 
141 21 138 310 44 513 650 993 762 327 179 52 618 750 34 639 825 17 563 135 483 647 646 
142 21 447 677 432 127 454 450 216 892 120 185 960 550 908 778 592 267 679 501 203 166 144 
143 20 771 642 180 543 770 604 645 865 629 113 518 945 579 911 479 787 24 373 977 693 
144 21 992 949 447 196 691 99 369 177 382 151 798 407 145 889 588 771 356 142 268 305 398 
145 21 51 702 659 104 25 146 954 579 119 969 333 103 554 144 779 50 356 790 58 308 776 
146 21 963 827 234 460 803 81 439 48 395 539 509 607 160 145 965 114 410 231 825 928 309 
147 21 988 971 454 755 196 450 490 571 863 492 3 38 958 114 261 674 158 65 31 541 889 
148 21 526 746 978 324 348 765 352 654 735 369 68 53 964 476 715 417 798 267 211 565 365 
149 21 396 556 737 593 765 776 742 744 884 121 452 358 47 306 829 949 42 722 115 612 835 
150 21 310 2 663 978 138 922 525 768 956 766 827 784 36 654 314 662 362 666 6 805 938 
151 21 159 270 325 986 512 594 213 910 867 916 264 716 301 41 732 144 953 868 276 80 135 
152 21 936 862 75 596 744 650 510 568 360 13 873 30 618 26 186 494 200 589 939 635 55 
153 21 496 905 426 948 991 460 108 450 553 308 508 130 708 425 868 794 730 418 98 548 252 
154 20 247 753 361 872 827 427 8 678 108 818 701 685 785 492 800 964 718 254 407 763 
155 21 5 680 692 169 14 51 696 126 83 726 274 517 636 293 491 8 377 414 372 658 343 
156 21 204 140 514 578 649 807 583 497 349 49 445 670 504 3 235 52 881 233 768 813 68 
157 21 768 183 313 907 881 909 319 231 100 305 489 657 435 179 306 966 223 775 900 296 479 
158 20 184 272 89 982 469 786 306 24 147 812 693 40 776 344 267 754 979 128 203 686 
159 21 56 151 519 795 350 883 983 624 236 330 279 928 793 591 945 53 334 975 688 925 533 
160 21 65 7 537 883 568 980 146 135 95 493 129 173 721 363 471 404 560 542 161 601 195 
161 20 755 938 454 599 349 594 816 701 12 215 394 785 135 106 474 911 85 226 160 830 
162 21 419 629 763 862 755 343 318 792 406 891 10 291 212 400 932 168 686 387 76 475 944 
163 21 883 769 426 256 719 655 803 464 438 18 935 395 560 422 915 356 126 539 208 193 523 
164 21 892 600 72 792 502 112 400 523 983 786 954 915 366 592 501 669 768 251 906 392 569 
165 21 315 976 996 12 310 817 55 546 455 72 68 412 413 552 757 744 538 768 133 583 559 
166 20 559 36 608 110 425 568 821 339 571 933 557 685 276 492 409 493 195 142 31 54 
167 21 956 931 215 728 891 764 190 877 62 420 219 716 943 511 272 796 100 875 587 35 11 
168 20 967 862 255 2 515 162 204 596 76 984 555 197 974 757 934 115 270 297 226 622 
169 21 315 886 499 489 561 409 377 290 403 31 977 123 155 40 739 5 929 104 401 473 938 
170 21 375 79 252 964 879 73 283 660 306 871 190 525 614 441 461 668 533 754 631 240 675 
171 20 495 756 746 127 510 731 847 574 821 492 624 70 41 595 945 208 109 139 697 55 
172 21 561 422 727 2 522 738 243 483 254 48 600 683 581 281 545 493 311 534 289 212 13 
173 21 225 807 922 379 118 349 18 384 838 405 160 778 325 601 674 206 483 211 21 40 31 
174 21 616 533 956 804 449 792 797 350 266 710 303 413 211 228 308 628 399 109 300 747 410 
175 20 575 7 320 608 803 823 968 777 980 463 230 786 20 133 189 476 551 618 749 607 
176 21 843 637 457 74 343 419 248 444 598 727 988 433 854 871 363 534 16 342 49 27 642 
177 21 426 302 389 462 658 876 774 49 513 28 300 260 865 867 42 480 945 461 144 185 307 
178 21 683 308 396 719 599 609 741 572 117 364 344 530 448 969 338 399 104 967 790 780 867 
179 21 9 375 703 39 78 860 141 84 201 408 469 53 480 964 70 638 775 157 383 763 92 
180 21 700 649 576 243 980 3 39 143 538 402 870 590 574 511 581 983 591 842 120 941 942 
181 21 887 402 978 922 561 48 408 568 983 629 115 550 212 263 62 939 790 452 4 593 203 
182 21 310 520 239 898 552 544 604 641 252 431 97 401 833 260 836 683 696 593 892 403 213 
183 21 543 11 300 519 531 808 288 17 157 322 485 618 196 932 766 884 973 518 463 801 895 
184 21 709 439 812 158 16 665 273 412 241 848 774 694 926 708 484 3 341 130 682 704 844 
185 21 912 666 249 67 982 57 525 244 429 490 69 359 177 94 964 775 142 779 263 422 1 
186 21 804 576 513 816 921 285 882 317 258 528 715 536 129 911 42 391 580 529 995 431 152 
187 21 884 352 354 359 338 509 215 724 671 528 64 679 745 743 752 210 748 974 420 928 575 
188 21 473 997 412 37 207 99 202 970 901 627 689 282 643 41 21 902 418 327 308 278 833 
189 21 299 801 262 252 973 284 135 747 545 231 433 518 208 740 353 175 404 595 534 953 281 
190 21 33 167 658 170 694 280 893 820 851 585 784 873 38 373 634 817 918 471 240 789 711 
191 21 902 648 446 375 655 455 469 319 411 855 210 278 932 224 363 589 679 328 969 62 920 
192 21 492 363 46 874 922 447 81 556 961 577 360 707 271 995 693 877 648 43 200 899 325 
193 21 560 37 526 49 735 531 935 901 712 163 523 891 360 135 841 964 524 136 635 505 705 
194 21 288 948 753 514 7 483 330 291 650 608 83 676 67 218 55 701 666 58 580 113 478 
195 21 558 756 806 222 449 481 809 367 244 624 873 773 111 648 166 160 54 268 136 622 511 
196 21 848 954 516 183 770 942 874 670 317 990 384 640 203 736 292 147 144 481 793 988 970 
197 21 950 956 576 665 963 809 491 300 572 112 570 984 894 851 858 612 133 135 877 168 864 
198 21 380 942 447 473 250 35 575 696 399 410 131 789 126 390 778 776 979 995 832 406 879 
199 21 637 447 118 342 313 352 589 471 249 140 684 324 789 829 592 695 568 669 608 930 848 
200 21 623 138 874 89 820 242 548 851 914 626 368 579 152 192 671 908 798 793 131 40 97 
201 21 209 627 746 796 378 751 304 963 981 425 965 759 798 179 53 926 711 441 923 707 858 
202 21 89 765 241 596 645 510 902 996 188 722 679 682 10 859 958 669 610 509 725 235 367 
203 21 123 372 196 890 244 973 685 657 748 97 95 55 897 142 268 648 344 754 206 181 158 
204 21 526 351 156 756 616 78 651 321 108 850 655 168 378 837 246 409 669 929 236 393 599 
205 21 583 219 139 54 315 840 672 636 970 878 883 851 993 829 52 467 494 274 123 784 453 
206 21 491 682 788 959 890 349 236 516 855 66 899 773 560 328 634 344 932 173 662 494 203 
207 21 11 984 91 101 256 802 583 20 56 957 641 352 714 909 586 188 394 646 82 999 8 
208 21 997 576 835 243 293 630 968 163 955 504 94 480 346 189 550 676 171 677 298 734 763 
209 21 294 890 201 398 616 217 796 449 382 366 357 265 304 767 886 118 586 3 793 18 290 
210 21 954 849 342 962 605 630 851 833 187 915 850 1 191 736 305 854 671 877 287 407 761 
211 21 460 874 482 174 88 735 591 630 912 574 743 800 1 148 85 26 173 852 421 267 385 
212 21 405 778 251 11 446 709 162 172 13 231 846 999 364 499 282 181 749 868 404 729 493 
213 21 277 514 335 796 380 245 925 730 445 377 34 151 338 182 407 711 492 828 135 434 646 
214 21 41 26 5 849 402 741 370 973 248 250 516 915 436 899 325 789 969 977 275 932 852 
215 21 167 956 898 746 616 348 56 370 421 534 892 603 693 471 223 289 406 161 251 752 187 
216 21 330 710 976 576 806 949 658 56 691 782 907 33 142 52 259 557 707 509 560 837 884 
217 21 262 552 393 927 584 806 958 326 738 291 652 209 877 767 411 627 103 742 304 904 238 
218 21 664 951 976 194 813 535 935 110 882 73 712 337 466 289 696 422 70 459 465 528 467 
219 21 205 868 790 167 807 481 442 517 725 322 85 724 960 121 448 293 489 495 656 779 582 
220 21 564 938 32 362 611 927 496 28 364 105 422 93 295 785 794 527 813 983 999 231 270 
221 21 117 128 665 81 691 473 921 955 250 10 811 836 410 286 819 495 479 356 656 406 635 
222 21 138 110 301 457 707 82 137 195 681 99 287 984 373 40 704 750 260 277 461 120 108 
223 20 839 700 79 948 944 358 98 568 215 914 360 524 794 157 259 958 333 126 717 547 
224 21 319 661 862 379 380 245 458 107 110 847 968 121 933 25 977 278 688 778 0 440 191 
225 21 956 839 774 81 360 322 173 310 374 564 844 447 40 892 123 553 140 858 461 725 576 
226 21 671 956 361 413 242 93 429 687 985 516 934 392 958 168 344 953 721 161 771 686 674 
227 21 400 397 822 885 908 664 363 240 441 957 706 486 66 631 929 501 26 247 338 80 61 
228 20 76 268 598 898 673 314 75 447 521 475 482 890 174 370 285 73 781 985 250 357 
229 20 316 519 127 402 9 796 393 816 76 453 574 523 612 845 853 120 1 900 766 325 
230 21 312 550 567 665 727 446 896 464 780 919 853 772 175 336 31 732 660 785 95 734 582 
231 21 695 440 727 8 220 370 451 102 921 585 568 371 146 954 189 232 82 212 134 157 321 
232 21 94 336 843 917 774 81 510 782 539 914 17 909 853 289 915 231 899 105 268 42 873 
233 21 880 545 666 23 978 497 703 300 572 156 712 794 111 582 845 601 47 889 33 878 568 
234 21 699 107 884 842 770 9 138 449 585 409 813 269 692 947 374 146 933 748 277 890 982 
235 20 831 843 949 341 694 650 202 367 156 894 829 585 384 469 140 891 423 392 296 92 
236 21 487 699 942 414 39 204 159 349 572 883 713 206 594 697 677 863 371 779 913 623 975 
237 21 423 622 938 324 876 502 982 925 762 290 351 764 445 323 311 943 644 433 966 308 41 
238 21 861 498 976 335 362 678 217 372 707 119 676 852 615 270 995 278 841 823 987 984 975 
239 21 567 564 690 991 854 988 505 816 420 606 889 340 958 781 182 371 909 610 523 795 5 
240 21 507 361 443 755 765 241 170 886 420 227 455 626 638 190 667 766 509 717 763 251 31 
241 21 976 608 722 308 83 20 282 56 665 734 831 240 184 327 202 262 708 529 855 823 922 
242 21 962 637 257 895 827 602 508 70 597 226 104 972 200 941 62 738 487 530 877 685 902 
243 21 180 863 44 335 5 273 397 63 848 602 89 613 172 468 208 593 245 287 404 777 15 
244 21 290 327 564 246 531 260 683 525 185 869 203 529 415 265 276 363 821 195 289 326 973 
245 21 331 917 444 402 836 10 451 633 903 553 71 866 504 875 56 224 330 213 703 757 243 
246 21 797 401 412 204 88 695 19 671 333 244 621 987 768 85 550 414 337 565 897 609 831 
247 21 19 595 536 154 340 782 937 629 980 227 887 710 309 258 27 633 779 748 676 906 569 
248 21 176 766 375 611 475 491 545 539 985 214 953 503 85 900 271 562 793 885 964 667 353 
249 21 956 756 459 185 98 476 512 112 906 575 652 907 483 558 929 725 942 422 759 594 199 
250 21 989 335 419 605 488 984 453 114 624 45 214 198 854 769 708 228 858 221 547 723 276 
251 20 212 443 63 865 215 420 930 612 424 557 164 279 433 960 958 240 634 494 14 31 
252 21 537 443 170 318 491 762 856 643 121 153 503 51 614 189 182 845 71 592 892 122 484 
253 21 497 620 511 642 948 460 989 498 781 722 279 760 612 97 91 589 92 383 823 286 645 
254 21 307 361 375 362 314 508 810 692 172 450 125 347 73 621 133 59 1 911 154 705 137 
255 21 416 880 803 882 469 168 381 827 96 723 826 971 643 713 360 417 354 367 549 664 462 
256 21 806 527 594 330 415 298 868 207 28 480 514 854 470 985 112 163 697 652 757 991 616 
257 21 976 316 12 675 33 702 580 973 555 242 376 379 935 764 737 674 861 0 516 471 862 
258 21 339 895 540 544 572 881 22 42 773 94 186 584 505 91 489 431 679 247 947 105 794 
259 21 797 445 369 340 216 781 359 821 710 499 550 859 911 669 223 729 721 91 688 660 763 
260 21 991 385 976 222 362 512 93 535 594 182 674 459 177 80 244 390 749 715 507 533 477 
261 21 805 543 46 75 350 982 886 451 295 937 871 759 391 669 24 479 965 147 278 58 662 
262 21 456 217 362 956 649 973 879 460 108 266 277 884 538 840 541 993 918 47 765 189 241 
263 21 885 514 849 446 280 521 692 813 888 829 858 582 185 671 135 103 398 181 562 717 365 
264 21 83 644 389 546 350 611 613 496 533 981 955 560 838 448 151 10 923 279 870 607 20 
265 21 132 898 386 552 447 478 209 498 244 916 523 61 120 974 403 479 85 622 951 40 789 
266 21 419 557 567 788 262 427 280 803 741 692 40 763 754 552 524 486 174 365 548 417 488 
267 20 874 396 753 795 427 675 962 781 647 688 148 388 787 142 336 635 771 211 158 754 
268 21 228 343 318 726 110 73 695 968 871 135 232 321 392 195 587 144 305 662 203 373 588 
269 21 299 633 514 848 875 675 234 839 774 883 524 281 995 842 38 716 767 479 115 669 913 
270 21 151 804 506 655 678 566 238 931 438 523 710 960 779 532 168 220 459 560 891 670 773 
271 21 828 720 446 962 49 413 780 629 858 248 500 64 715 336 192 435 932 824 403 793 139 
272 21 416 88 691 829 124 804 167 986 807 876 915 435 494 381 475 158 983 393 86 3 300 
273 21 665 802 36 341 867 576 59 38 243 896 31 841 449 184 510 947 834 106 805 58 848 
274 21 935 155 355 81 982 56 351 57 76 205 577 569 960 718 66 588 65 85 869 634 21 
275 21 811 111 946 848 680 692 346 757 1 990 64 119 542 830 214 14 635 750 376 336 398 
276 21 668 549 78 507 244 701 905 377 383 471 296 166 941 250 492 771 336 846 407 42 151 
277 21 986 213 309 739 788 576 262 222 362 922 234 639 614 478 292 594 857 953 850 999 472 
278 20 486 803 238 445 555 878 188 943 769 224 3 405 873 711 191 790 879 965 494 261 
279 21 394 747 861 481 792 253 159 60 525 712 264 838 366 958 251 716 137 824 677 40 952 
280 21 402 65 976 690 658 263 745 961 82 838 334 831 266 704 22 120 769 781 604 190 597 
281 21 651 427 481 172 785 431 302 547 269 123 749 530 676 189 972 105 391 855 734 511 0 
282 20 33 567 416 402 241 312 820 973 545 188 687 87 499 863 423 43 841 433 212 562 
283 21 728 315 598 170 318 792 355 762 818 989 935 850 928 752 696 943 134 911 632 589 295 
284 21 857 345 297 971 598 379 573 78 680 415 904 852 102 189 832 924 52 461 652 662 961 
285 21 449 132 806 946 848 28 357 387 845 668 186 91 228 505 112 626 817 34 581 528 557 
286 21 891 941 862 101 11 63 719 508 253 130 950 572 930 455 133 96 900 873 631 221 657 
287 20 922 663 222 481 372 890 533 553 996 243 68 291 12 19 61 998 934 409 718 210 
288 21 699 194 470 786 183 827 586 90 496 616 50 820 556 483 516 708 819 791 609 740 362 
289 21 883 435 817 561 172 989 244 215 339 463 863 495 621 870 846 951 524 25 232 218 742 
290 21 827 244 15 169 310 63 641 355 668 523 237 879 373 477 475 587 120 908 939 209 358 
291 21 650 366 194 666 217 874 39 162 639 735 764 295 76 781 958 716 485 33 693 287 12 
292 21 862 426 720 32 506 874 378 332 277 294 413 196 384 888 983 594 851 570 107 66 425 
293 21 402 676 155 313 116 694 641 83 561 761 208 539 339 869 13 928 528 76 351 442 219 
294 21 903 209 445 821 41 637 432 46 709 926 292 856 323 855 304 836 85 792 957 365 67 
295 21 543 720 526 625 896 464 963 220 811 842 452 283 928 581 651 291 517 969 261 94 33 
296 21 569 808 23 709 491 672 888 823 930 424 394 382 276 307 718 972 139 157 617 235 308 
297 21 284 958 700 79 849 903 348 765 606 741 650 866 901 968 652 623 936 761 812 168 676 
298 20 256 665 804 316 796 460 56 597 90 434 354 545 968 687 319 53 864 208 953 365 
299 21 702 354 743 189 269 945 396 11 807 619 850 961 456 433 692 838 96 126 125 14 355 
300 21 183 45 976 32 680 762 174 57 115 892 197 272 177 41 646 233 761 139 574 632 921 
301 21 222 637 457 462 722 472 668 691 704 916 568 833 891 151 841 70 897 91 732 54 501 
302 21 177 544 498 743 121 334 281 436 529 957 618 718 798 374 465 381 493 376 633 364 560 
303 21 456 825 787 917 690 426 755 75 762 174 51 742 395 947 798 781 561 786 714 928 30 
304 21 797 531 18 630 815 36 217 606 294 634 715 653 952 201 664 759 440 521 767 786 209 
305 21 636 700 755 63 350 639 86 735 135 45 841 210 157 95 632 708 31 144 977 648 268 
306 21 361 42 617 149 746 324 170 797 77 15 492 990 715 157 403 387 158 590 920 398 333 
307 21 935 254 564 663 464 350 847 104 469 800 915 452 423 377 660 750 296 870 586 177 135 
308 21 178 241 331 39 174 153 646 408 188 538 17 500 237 960 993 422 711 365 750 296 145 
309 21 277 79 386 783 963 744 996 713 538 930 146 422 368 131 26 247 667 661 768 325 736 
310 21 843 150 389 182 760 830 406 512 101 290 529 712 165 876 405 71 225 411 141 714 124 
311 21 861 806 673 172 88 735 620 431 406 691 329 997 697 430 237 732 729 769 798 387 745 
312 21 940 230 898 320 948 89 894 561 751 510 490 282 483 550 67 999 679 667 972 601 818 
313 21 971 544 938 335 386 342 293 199 669 700 934 997 157 594 707 369 138 473 710 970 611 
314 21 470 709 150 804 760 77 254 932 369 671 453 228 107 342 33 381 507 422 505 958 659 
315 21 16 396 169 165 756 916 347 844 205 570 698 661 395 668 835 444 631 967 101 283 655 
316 21 257 484 855 877 229 679 16 746 132 674 844 487 542 941 435 422 298 793 505 662 544 
317 21 522 720 552 604 809 196 925 450 683 485 536 939 503 662 186 400 966 405 469 737 713 
318 21 23 935 637 899 79 678 682 268 897 8 866 890 934 431 527 103 252 162 906 283 573 
319 21 15 224 932 23 599 950 438 18 929 955 853 990 191 298 14 859 732 926 157 505 480 
320 21 335 925 843 877 509 398 602 175 133 345 907 312 535 910 737 743 989 805 372 558 72 
321 21 508 917 324 204 566 450 68 453 687 974 707 657 674 483 268 617 686 333 53 231 119 
322 21 225 183 549 447 566 730 996 369 219 357 423 575 742 939 784 624 957 936 516 915 518 
323 21 75 878 641 294 482 533 996 29 868 777 733 411 237 68 373 64 708 729 853 734 847 
324 21 649 546 862 389 397 861 446 321 148 354 54 237 737 306 736 10 368 20 914 501 199 
325 21 151 16 127 896 39 835 482 735 981 781 568 309 859 356 229 586 192 173 214 897 681 
326 21 792 727 217 583 962 89 502 439 330 745 814 891 25 816 733 871 785 717 985 394 244 
327 21 244 949 241 458 478 522 487 141 563 866 620 867 188 415 955 805 854 104 345 791 87 
328 21 125 666 611 810 118 902 780 968 338 626 600 924 191 114 206 706 329 58 987 547 681 
329 20 109 649 341 372 611 413 311 384 863 638 945 579 794 403 918 328 501 698 587 565 
330 21 256 216 61 430 977 194 414 962 245 650 159 326 556 857 957 3 825 953 748 384 831 
331 21 132 896 245 596 910 920 50 456 673 427 6 3 864 879 468 914 369 964 54 308 723 
332 21 896 717 637 578 419 481 109 606 618 596 929 47 455 752 852 339 13 292 344 135 69 
333 21 650 872 649 75 512 655 246 730 349 980 463 321 899 452 129 223 363 698 306 145 632 
334 21 795 580 443 280 722 159 354 630 980 15 4 82 390 302 128 80 633 686 466 830 644 
335 21 642 320 564 360 105 213 732 28 587 243 599 653 999 313 534 250 628 472 858 238 63 
336 21 232 432 83 929 485 710 892 230 20 276 45 271 711 773 465 119 267 40 431 670 275 
337 21 487 799 444 5 675 896 8 502 246 15 384 82 218 750 825 757 417 569 131 627 97 
338 21 709 501 598 341 751 866 77 178 888 213 907 227 571 328 187 870 404 769 715 909 990 
339 21 367 258 495 44 427 608 962 332 502 651 293 731 833 708 166 289 435 492 603 14 551 
340 21 820 239 827 414 102 509 577 354 979 951 974 77 638 259 995 679 247 955 879 791 73 
341 21 273 16 515 63 329 385 907 338 437 991 928 845 235 408 941 923 623 128 789 80 184 
342 21 903 460 843 176 2 663 996 27 210 347 984 603 563 978 613 868 199 846 348 313 314 
343 21 176 426 416 675 349 162 71 556 424 962 554 823 27 696 757 155 888 899 70 268 419 
344 21 691 839 751 332 502 822 692 178 914 710 492 689 399 855 562 226 206 505 203 771 158 
345 21 284 917 397 880 320 641 944 491 488 570 823 805 968 777 743 327 685 394 987 356 550 
346 21 378 31 862 63 419 379 352 472 354 630 829 480 409 208 430 854 424 926 769 275 864 
347 21 23 411 718 315 728 457 124 342 625 458 350 137 254 992 525 913 952 22 425 92 984 
348 21 564 673 621 404 132 795 342 748 148 27 672 297 481 371 953 838 215 573 914 405 478 
349 21 840 733 666 343 795 464 522 430 601 134 161 763 206 333 173 156 236 924 826 21 996 
350 21 11 552 347 357 105 307 860 261 810 572 83 264 305 174 831 973 159 775 509 730 609 
351 21 204 443 74 449 876 522 963 28 845 994 355 629 237 919 628 640 82 83 274 828 293 
352 21 991 199 207 510 441 878 148 895 187 850 711 64 97 346 823 699 483 768 832 391 395 
353 21 559 986 946 46 482 691 535 484 19 853 189 852 391 676 547 47 523 653 648 248 600 
354 21 299 585 923 255 861 324 380 893 77 187 346 364 298 357 436 906 588 334 992 53 340 
355 21 719 84 290 418 532 299 283 86 274 716 863 429 676 633 674 85 754 967 38 826 351 
356 20 88 598 898 454 540 803 982 163 53 345 869 388 119 325 221 698 145 662 144 590 
357 21 451 949 116 625 350 209 118 354 285 878 823 15 881 626 27 134 228 381 322 698 59 
358 21 950 399 149 949 583 765 111 223 528 723 957 562 800 290 801 864 769 954 459 55 735 
359 21 540 728 903 816 112 881 644 858 58 442 489 610 595 185 92 187 867 907 785 259 15 
360 21 225 700 335 255 666 996 933 798 791 193 693 192 103 897 435 95 585 152 15 223 689 
361 21 739 543 822 605 523 85 306 154 240 896 620 914 538 865 441 95 966 226 254 382 659 
362 21 262 380 520 150 594 260 111 498 622 277 288 846 220 238 55 661 521 785 940 254 709 
363 20 192 176 606 599 86 244 227 466 855 994 139 495 62 160 191 364 24 26 333 632 
364 21 101 396 804 375 758 220 178 354 539 909 302 212 661 854 62 766 4 677 363 123 385 
365 21 595 861 446 294 266 764 894 455 990 467 123 565 754 263 148 298 734 766 717 308 592 
366 21 291 799 986 209 989 485 76 883 627 87 577 421 441 689 772 122 279 164 974 750 21 
367 21 29 339 776 770 690 397 255 875 458 478 89 980 424 235 434 202 999 195 377 893 370 
368 21 649 978 324 625 668 118 866 857 878 760 821 87 309 200 793 592 952 558 718 106 530 
369 21 730 798 313 314 331 722 56 672 451 259 410 736 144 104 841 845 12 322 148 859 731 
370 21 127 851 23 703 886 400 367 554 453 977 214 440 98 106 684 580 231 228 595 215 733 
371 21 797 239 746 46 348 962 372 654 236 485 484 782 231 851 377 600 584 103 590 452 468 
372 21 7 827 155 616 386 320 375 476 203 671 657 287 667 117 842 122 620 548 329 371 238 
373 21 612 222 751 513 820 290 323 780 937 905 904 0 495 190 62 471 879 143 505 995 268 
374 21 69 225 5 849 673 427 234 39 963 650 605 981 921 302 406 390 428 667 889 899 771 
375 21 5 170 741 96 784 14 675 535 810 988 838 364 254 248 191 40 782 179 372 840 83 
376 20 458 257 397 37 645 902 29 525 12 59 518 302 467 869 489 42 501 635 705 275 
377 20 892 169 788 155 940 512 367 445 213 905 371 30 486 94 382 276 307 964 436 558 
378 21 942 860 553 346 407 888 437 692 820 439 814 785 963 292 863 926 534 970 772 201 204 
379 21 755 257 515 875 787 685 173 509 704 689 346 284 450 512 501 913 472 847 224 533 393 
380 21 362 8 198 416 874 900 608 26 406 224 796 966 508 965 459 354 213 530 836 701 502 
381 21 527 255 402 9 802 314 875 272 573 678 108 491 730 887 357 96 126 911 953 95 302 
382 21 685 915 361 862 444 596 209 485 831 140 296 144 952 31 377 897 906 59 452 766 480 
383 21 507 537 673 39 253 741 88 125 425 469 612 853 394 891 276 767 936 428 131 179 95 
384 21 533 114 196 482 292 330 980 943 684 677 784 965 619 235 479 329 337 488 4 173 786 
385 21 260 520 849 341 655 737 905 415 469 909 524 493 31 398 932 686 643 364 590 211 754 
386 21 2 116 526 651 483 754 959 885 930 633 313 27 782 978 372 733 309 919 898 265 46 
387 21 458 426 36 497 874 797 162 491 925 285 919 311 523 15 70 924 791 776 306 932 123 
388 21 598 774 491 884 33 826 466 838 652 696 960 111 356 643 842 679 267 542 459 662 660 
389 21 310 898 454 625 792 458 264 735 568 537 397 472 115 177 889 619 915 415 78 324 986 
390 21 749 426 5 427 526 758 89 260 929 781 629 334 122 374 622 198 787 129 830 137 632 
391 20 997 537 352 927 487 473 901 516 411 281 353 186 761 794 908 403 114 920 261 889 
392 21 546 23 835 847 574 710 571 621 164 855 550 873 268 226 697 235 133 706 945 717 667 
393 21 217 599 715 720 719 604 272 479 570 781 229 810 379 901 924 874 55 430 825 863 204 
394 21 803 279 544 207 496 326 473 867 916 710 998 345 435 670 954 429 296 161 383 26 621 
395 21 71 315 755 893 921 400 677 146 883 163 885 838 943 352 742 410 569 906 556 590 303 
396 21 315 149 796 652 572 178 299 56 800 859 364 267 725 907 42 124 979 891 467 522 917 
397 21 700 672 901 539 389 910 243 896 464 689 227 345 558 913 376 367 324 130 781 550 702 
398 21 209 101 320 991 508 531 921 829 263 306 126 584 275 932 648 385 995 593 144 670 40 
399 21 358 174 88 975 935 473 178 878 745 914 891 814 492 964 198 344 96 834 877 536 707 
400 21 760 227 520 443 412 874 726 162 596 67 866 370 110 317 712 937 859 164 395 775 500 
401 21 246 169 514 942 751 641 566 182 451 76 68 82 687 661 538 873 980 27 919 516 466 
402 21 567 280 293 995 180 429 805 77 381 181 137 505 229 799 75 245 892 90 282 214 783 
403 21 685 169 896 609 182 102 629 752 891 684 96 70 271 306 391 791 329 265 422 27 479 
404 21 348 566 243 713 731 68 517 121 338 647 189 652 960 911 212 493 160 592 721 662 852 
405 21 499 212 21 310 849 549 348 107 533 950 317 845 685 13 864 137 50 278 173 721 825 
406 20 912 310 690 470 673 380 162 498 929 311 905 215 718 374 749 958 136 198 92 221 
407 21 553 419 378 860 88 451 213 912 687 486 94 276 45 595 210 542 144 661 939 154 21 
408 21 991 124 454 427 341 654 487 865 646 122 777 994 179 536 308 415 935 757 759 181 847 
409 21 973 520 169 234 204 613 533 919 985 346 817 569 166 435 24 750 35 111 287 958 868 
410 21 867 649 797 458 890 369 395 146 577 644 841 198 221 558 754 174 461 448 908 471 579 
411 21 347 428 708 721 310 217 72 944 475 654 323 612 20 634 391 628 579 191 773 584 106 
412 21 971 165 23 487 246 400 92 184 39 121 856 769 498 721 752 81 764 804 188 972 546 
413 21 770 852 58 165 5 596 528 28 653 271 14 824 989 48 329 292 441 134 609 226 174 
414 21 666 874 155 822 585 467 811 583 479 330 91 660 516 420 638 437 236 139 548 340 246 
415 21 256 500 971 389 522 613 244 780 591 408 517 284 934 652 542 801 385 117 327 477 61 
416 21 519 255 606 272 713 116 554 464 71 380 343 859 636 23 661 119 537 282 47 450 446 
417 21 972 255 616 23 848 8 266 555 538 743 337 621 855 859 794 489 52 501 677 148 748 
418 21 857 917 49 355 944 153 77 188 455 914 17 582 718 479 126 784 748 554 870 652 660 
419 21 176 940 162 266 690 665 407 736 120 343 93 95 346 64 506 538 250 794 662 332 116 
420 21 44 239 959 167 948 414 694 963 837 60 691 713 251 455 111 607 554 240 505 952 187 
421 20 667 567 758 860 125 894 905 215 891 366 436 579 990 924 748 643 965 14 103 211 
422 21 172 249 138 316 314 860 83 890 220 563 816 163 25 309 185 218 761 889 308 62 403 
423 21 785 237 895 650 484 712 455 914 933 307 581 24 610 235 832 282 855 322 757 812 824 
424 21 805 343 654 491 367 894 437 980 920 34 889 137 612 65 251 740 850 951 296 633 346 
425 21 132 850 443 938 72 797 153 102 347 201 448 729 383 941 995 292 877 936 823 166 646 
426 21 690 177 153 994 343 390 628 860 517 303 650 978 91 859 804 847 163 292 387 124 5 
427 21 7 753 809 267 331 24 390 266 836 408 40 919 281 893 459 374 154 819 339 805 544 
428 21 411 921 646 19 140 626 558 747 682 790 869 122 834 967 738 383 725 580 58 716 374 
429 21 462 689 402 11 355 927 502 566 950 98 782 954 226 105 921 830 586 768 824 185 394 
430 21 330 432 783 393 510 349 311 539 463 346 974 923 92 830 787 584 977 897 995 103 648 
431 20 746 649 456 138 318 464 527 182 311 486 17 909 480 258 281 186 869 592 336 648 
432 21 739 63 549 660 430 853 294 467 67 70 19 336 75 852 843 142 614 857 989 532 457 
433 21 25 176 872 756 101 299 840 513 17 624 189 237 251 999 656 282 82 117 529 648 503 
434 21 564 782 728 132 792 989 367 14 854 64 115 752 298 997 13 615 440 113 742 693 213 
435 21 289 576 795 316 272 896 950 445 704 339 394 360 409 600 271 4 592 817 763 920 157 
436 21 658 497 481 641 860 354 570 477 538 998 10 569 214 992 65 421 302 377 131 711 474 
437 21 32 988 16 414 341 378 49 472 134 777 833 652 744 137 775 19 40 801 424 832 575 
438 21 446 642 898 827 602 566 33 71 556 270 743 587 319 937 829 930 815 140 109 163 723 
439 21 184 960 967 378 522 612 146 542 11 123 657 850 326 80 911 594 631 914 659 837 737 
440 20 231 917 124 537 876 840 513 304 475 507 723 370 434 477 968 626 499 106 224 967 
441 20 61 361 690 170 352 927 472 413 813 929 640 620 201 884 453 30 227 943 987 366 
442 21 931 976 37 625 90 293 627 96 620 992 128 974 518 219 455 448 62 847 584 593 359 
443 21 578 872 666 963 559 952 454 882 351 400 859 556 240 846 425 66 642 252 334 251 917 
444 21 700 848 6 123 315 176 528 711 840 22 851 481 245 382 593 515 603 337 35 765 9 
445 21 294 115 873 668 594 156 96 237 453 529 278 259 377 97 435 27 651 213 538 757 68 
446 21 515 464 438 684 74 324 752 907 692 271 263 846 127 365 212 230 191 687 416 468 944 
447 21 199 120 142 225 727 709 198 816 925 916 823 885 228 786 641 144 904 265 322 192 81 
448 20 554 5 8 475 487 98 178 110 425 878 442 219 914 468 264 621 689 811 410 999 
449 21 799 285 273 806 942 234 351 965 910 195 617 63 618 459 209 534 174 758 729 990 625 
450 21 699 899 416 379 254 147 317 793 123 999 751 17 912 1 997 500 142 153 856 321 888 
451 21 803 357 575 479 637 642 245 902 369 474 692 231 569 407 261 711 989 401 952 131 782 
452 20 461 149 756 84 295 71 884 833 371 382 307 987 864 761 467 778 333 128 181 705 
453 21 730 70 314 774 604 803 668 57 445 370 585 759 205 697 134 250 321 912 229 441 871 
454 21 389 844 477 623 674 443 665 849 142 604 752 55 532 825 408 356 987 161 603 147 23 
455 21 925 165 799 675 72 332 442 420 286 365 671 418 423 661 511 191 801 685 13 240 17 
456 21 959 262 810 303 707 971 559 576 47 760 544 724 431 123 951 457 59 720 331 814 299 
457 21 176 504 347 581 660 813 532 808 661 507 745 795 546 645 432 301 222 853 704 600 456 
458 21 389 387 376 739 666 9 946 750 115 748 327 589 347 767 367 800 410 716 650 224 521 
459 20 964 36 249 552 427 449 726 380 108 358 498 260 921 815 270 218 715 873 676 388 
460 21 342 211 734 44 262 131 712 115 253 611 984 557 764 146 774 48 298 790 584 153 39 
461 20 28 452 225 543 727 222 170 758 573 678 563 284 25 177 499 824 628 410 794 562 
462 21 16 429 938 74 880 636 483 177 618 595 546 611 751 301 685 579 722 681 942 255 944 
463 21 84 872 183 783 703 57 683 113 881 684 887 289 988 175 682 333 557 430 568 993 106 
464 21 446 416 397 116 525 952 163 667 230 581 14 295 349 822 817 104 431 307 651 83 521 
465 21 21 861 844 809 57 563 777 582 516 915 302 218 55 65 842 992 750 494 336 779 778 
466 21 118 74 666 470 840 982 98 71 585 961 334 933 218 767 623 401 363 899 388 798 836 
467 21 661 396 432 788 414 659 927 782 205 574 115 38 688 856 754 452 854 376 218 365 926 
468 21 938 637 802 446 331 774 797 99 996 243 865 448 705 593 960 618 61 547 371 65 997 
469 21 507 537 255 741 90 51 498 695 317 235 179 383 740 385 980 158 65 22 191 307 954 
470 21 288 314 908 79 7 256 466 520 406 918 711 35 117 680 134 836 736 517 766 584 962 
471 21 780 257 649 199 797 81 668 691 620 823 215 871 276 550 410 798 190 373 677 738 160 
472 21 719 780 389 7 335 23 379 990 620 541 277 634 441 848 989 301 676 437 346 512 937 
473 21 978 188 961 836 791 169 313 594 618 771 830 672 865 394 877 391 399 114 221 198 102 
474 21 760 564 948 39 599 654 744 975 451 937 68 133 575 647 707 161 638 670 587 436 579 
475 21 49 496 866 670 616 272 162 81 476 745 228 586 448 440 490 248 777 709 411 579 290 
476 21 555 249 608 372 475 893 989 591 916 933 943 964 175 565 846 14 697 686 489 148 1 
477 21 454 826 588 746 709 758 290 691 888 701 871 551 842 436 260 504 638 440 126 831 415 
478 21 971 520 626 766 993 850 772 801 327 657 551 490 10 486 348 265 560 194 367 614 277 
479 21 451 606 414 393 12 384 684 269 41 960 936 688 265 157 221 403 52 418 724 143 261 
480 21 629 971 564 2 256 488 603 961 998 177 346 208 836 38 431 319 179 382 967 974 828 
481 21 948 655 541 444 132 348 673 796 287 546 219 195 281 733 279 78 706 845 436 332 196 
482 21 642 612 697 810 822 323 588 491 353 745 638 211 811 630 325 503 228 869 821 384 99 
483 21 386 637 462 288 194 249 312 352 172 141 931 86 883 821 887 863 987 321 511 776 173 
484 21 316 861 839 184 882 695 591 423 10 652 14 371 780 913 12 791 252 772 353 897 847 
485 21 2 183 36 526 8 927 613 929 928 366 748 317 819 382 832 371 977 99 607 336 291 
486 21 563 278 917 9 497 478 502 108 266 651 760 227 772 431 407 524 817 377 671 838 710 
487 21 497 236 337 11 412 552 540 316 962 835 944 752 448 327 391 678 19 408 769 685 242 
488 21 543 68 895 345 768 851 967 492 984 812 790 687 134 480 48 689 634 250 535 266 384 
489 21 169 567 949 86 18 713 359 219 499 623 258 476 157 417 926 26 908 918 830 376 505 
490 21 578 943 560 861 658 312 478 475 108 981 712 133 134 185 147 82 900 869 646 660 638 
491 21 839 206 155 835 500 34 252 345 381 388 565 584 776 248 387 562 296 424 134 197 482 
492 21 770 192 788 809 818 488 213 339 985 276 147 885 759 615 344 166 171 399 154 306 800 
493 21 908 849 540 844 680 172 950 672 985 302 688 115 494 404 160 679 385 166 724 212 136 
494 21 65 272 78 741 533 99 531 651 205 881 915 615 152 38 493 465 251 674 698 278 206 
495 21 339 171 949 32 848 835 944 680 741 888 805 603 219 516 289 600 363 373 221 698 766 
496 21 475 153 898 127 288 875 860 93 809 220 394 548 834 899 725 54 264 643 592 27 566 
497 21 959 253 487 543 559 727 9 802 486 436 868 233 76 387 893 768 627 631 156 754 820 
498 21 238 746 755 412 362 253 265 302 554 991 957 406 459 870 644 866 815 924 469 76 929 
499 21 169 405 827 606 678 744 15 881 901 282 461 489 134 259 52 657 801 440 906 714 212 
500 21 415 532 986 694 991 844 89 963 491 118 450 630 706 22 34 271 661 19 400 308 3 
501 21 338 519 324 379 561 227 998 164 417 119 634 301 376 773 55 979 547 329 776 698 142 
502 21 753 566 827 797 326 921 725 429 339 140 380 344 780 822 486 237 164 619 337 633 650 
503 21 949 690 861 11 783 482 57 86 866 252 71 317 248 887 575 45 577 433 117 565 926 
504 21 457 32 245 156 477 997 850 529 131 1 657 729 542 208 905 988 749 600 628 790 624 
505 21 536 739 239 402 316 314 118 866 285 420 881 319 258 97 21 622 31 373 344 489 193 
506 21 519 720 680 780 292 270 825 615 118 625 556 12 726 703 901 962 21 89 22 26 419 
507 21 876 764 888 695 469 383 240 547 457 872 314 607 859 440 729 27 950 913 897 276 260 
508 21 37 871 321 103 898 380 815 768 398 531 43 286 566 254 242 581 137 918 826 839 153 
509 20 666 74 320 807 658 379 655 350 89 202 110 340 216 998 187 146 94 926 607 240 
510 21 758 971 273 312 352 744 845 851 704 997 430 171 152 737 73 742 618 202 605 232 975 
511 21 253 771 180 167 940 691 29 594 981 110 30 455 524 281 767 483 681 580 195 721 91 
512 21 940 310 249 379 675 751 773 260 151 333 964 984 377 100 579 698 681 818 101 687 472 
513 21 79 13 581 906 701 782 373 620 641 813 986 832 186 433 141 648 111 177 440 803 820 
514 21 567 788 804 604 48 572 194 401 834 531 269 996 938 836 121 156 61 713 213 263 256 
515 21 806 446 726 521 84 53 895 444 379 168 931 746 643 812 751 134 556 69 341 28 893 
516 21 196 257 690 288 946 414 602 597 401 465 214 20 391 532 747 226 206 24 924 495 322 
517 21 608 133 900 426 155 470 606 874 922 844 51 857 295 721 415 219 846 404 10 100 6 
518 21 561 681 183 598 9 573 591 851 442 113 742 189 322 143 376 908 584 977 139 793 771 
519 21 843 416 702 506 896 501 815 133 541 7 42 567 34 49 996 229 635 183 159 121 74 
520 21 956 642 75 538 409 478 385 400 915 842 362 991 665 667 653 589 751 861 761 182 470 
521 21 515 578 702 616 362 111 228 464 989 104 734 670 547 458 106 928 881 78 263 80 304 
522 21 986 317 396 895 21 327 349 114 125 415 25 30 562 351 172 812 581 439 600 979 963 
523 21 361 239 602 290 713 639 163 164 712 193 270 265 952 930 916 647 387 738 229 775 353 
524 21 76 700 728 9 138 848 266 704 104 486 289 987 269 193 877 385 511 532 223 62 913 
525 21 150 544 170 464 893 809 244 747 674 614 846 794 279 185 984 376 782 129 883 919 347 
526 21 386 703 204 857 148 699 193 765 485 82 107 736 735 805 610 646 390 679 295 714 39 
527 21 256 17 381 917 895 537 849 318 107 730 220 738 851 619 431 686 129 586 767 988 904 
528 20 939 444 702 544 654 413 692 358 285 640 293 612 187 954 96 186 653 218 854 136 
529 20 6 310 753 804 806 802 241 866 445 816 112 244 782 833 845 504 94 433 186 302 
530 21 692 659 380 242 639 548 866 178 894 998 106 281 757 565 34 368 856 734 569 40 958 
531 21 304 937 964 657 514 183 32 508 28 494 193 85 570 745 585 244 398 801 914 27 970 
532 21 500 432 457 454 37 355 890 713 516 524 270 579 749 136 772 870 693 697 869 547 607 
533 21 174 384 134 116 170 379 893 918 287 264 100 494 409 860 323 405 585 885 159 129 260 
534 20 101 176 335 606 449 378 641 83 678 172 215 833 845 6 45 757 189 595 767 628 
535 21 822 814 903 320 375 641 654 557 627 967 260 76 353 0 742 35 747 218 786 121 488 
536 21 247 505 843 849 36 792 553 572 764 317 408 621 399 186 669 779 42 38 541 632 778 
537 21 770 9 252 913 389 527 548 440 391 160 863 949 469 903 994 569 140 132 383 614 416 
538 21 520 615 939 165 361 180 262 419 445 937 401 417 621 638 309 618 897 436 308 838 61 
539 21 397 762 60 76 293 760 580 248 64 364 967 644 846 117 430 80 146 129 232 943 163 
540 21 74 359 487 608 37 806 258 675 75 814 844 35 736 54 103 493 22 807 655 356 726 
541 21 481 519 262 36 596 654 472 822 931 48 93 620 627 757 736 569 960 759 536 717 147 
542 21 98 576 63 316 694 809 439 415 504 407 388 160 136 119 607 850 275 889 870 966 868 
543 21 361 799 183 488 295 947 928 651 261 709 497 108 623 461 811 844 110 885 143 771 959 
544 21 313 883 456 9 948 595 316 427 182 782 394 528 25 856 76 302 258 643 525 51 8 
545 21 233 862 101 49 860 107 172 691 888 620 282 856 817 248 967 763 705 298 568 131 189 
546 21 324 876 56 813 392 165 457 598 462 264 990 87 97 58 41 908 668 966 412 25 481 
547 21 507 860 521 86 981 831 468 250 696 281 353 532 868 14 328 501 223 754 669 834 995 
548 21 720 740 966 537 702 552 414 372 496 107 925 566 266 153 86 200 923 530 627 800 98 
549 21 432 865 0 986 255 600 24 558 885 801 684 842 791 276 71 322 819 927 405 773 765 
550 21 230 397 312 246 563 864 653 92 832 142 581 958 471 181 345 855 648 392 934 259 208 
551 21 583 74 44 880 719 803 478 741 130 818 981 477 960 767 734 554 671 175 65 339 85 
552 21 217 165 138 350 265 945 673 34 809 96 924 548 680 182 317 946 842 487 602 459 266 
553 21 378 407 52 225 79 44 806 875 245 803 287 967 70 667 536 818 108 718 153 33 627 
554 20 718 448 416 343 783 67 99 498 370 823 782 420 998 94 647 551 418 951 632 145 
555 21 44 610 476 926 808 257 11 599 935 636 742 278 417 71 961 168 677 829 864 58 823 
556 21 149 739 443 559 288 515 343 795 506 726 438 777 638 584 615 192 330 996 823 656 395 
557 21 266 23 460 81 108 650 691 535 782 216 463 933 907 34 100 285 775 830 166 251 595 
558 21 768 195 16 598 397 249 320 549 809 86 630 916 568 961 368 987 428 936 854 377 410 
559 21 74 946 650 353 166 79 443 799 839 632 773 165 862 606 34 456 908 926 497 556 720 
560 21 490 193 478 982 597 216 731 163 15 264 20 270 918 160 136 206 302 667 676 34 766 
561 21 609 172 640 518 169 862 312 75 963 181 26 47 633 892 776 579 64 289 293 501 303 
562 21 927 589 700 843 604 81 522 491 358 248 22 53 461 812 951 24 344 100 129 282 263 
563 21 803 486 906 342 797 645 141 931 863 422 617 327 716 993 465 73 113 550 610 461 570 
564 21 239 719 348 220 434 843 225 608 244 480 724 474 307 869 335 703 588 829 907 826 880 
565 21 990 576 678 491 246 902 77 713 968 905 476 503 911 530 148 660 365 681 329 111 4 
566 21 502 983 508 678 270 548 401 737 65 71 30 939 496 404 945 438 685 322 429 321 57 
567 21 16 514 239 402 969 986 230 732 817 421 266 92 689 489 948 282 677 668 956 688 519 
568 21 680 389 199 545 801 558 27 640 136 920 181 160 325 301 166 152 233 713 231 223 463 
569 21 655 296 537 86 451 712 395 337 409 247 92 274 793 541 791 164 586 436 772 696 530 
570 21 741 315 32 783 948 393 29 531 865 563 846 106 857 197 907 19 634 115 345 436 292 
571 21 72 845 971 872 599 893 744 572 732 643 868 338 147 697 70 392 811 166 62 897 120 
572 21 514 987 396 978 350 236 974 233 965 884 784 631 536 815 571 629 197 286 879 258 178 
573 21 959 642 802 348 675 518 722 381 828 935 318 284 623 100 962 461 668 587 46 653 67 
574 21 770 685 180 880 89 931 125 300 733 591 392 211 952 656 171 607 229 467 61 951 863 
575 21 451 122 175 728 249 927 613 809 640 61 20 474 187 322 437 503 198 671 619 906 913 
576 21 180 456 208 656 37 542 565 216 197 581 225 943 435 277 653 709 273 710 186 85 802 
577 21 140 583 975 340 630 786 923 366 410 26 21 35 274 619 192 6 775 638 920 105 503 
578 21 956 443 783 490 47 966 521 156 635 942 663 808 38 332 721 130 593 696 903 799 807 
579 21 77 462 512 475 561 887 411 684 200 474 717 787 143 772 329 410 674 421 532 145 38 
580 20 334 257 194 611 107 88 370 539 186 66 428 994 993 854 763 667 511 31 889 128 
581 20 668 457 180 576 991 508 464 522 513 172 295 285 640 905 833 887 423 964 550 859 
582 21 658 673 875 894 780 233 973 833 811 685 263 590 870 465 219 418 969 230 767 772 106 
583 21 903 989 981 205 551 165 808 898 721 615 358 326 817 84 156 955 207 577 9 747 414 
584 21 217 470 774 460 491 556 442 371 19 621 411 518 258 119 42 617 430 932 681 114 398 
585 21 354 414 234 655 533 531 811 97 231 122 70 957 235 96 782 453 466 661 656 190 360 
586 20 919 288 802 36 848 207 209 475 527 112 429 61 35 307 647 569 55 119 325 920 
587 21 828 335 167 946 573 49 290 56 438 858 887 45 474 681 617 632 812 268 329 679 4 
588 21 477 564 804 596 482 77 354 972 923 274 748 21 622 119 24 681 144 771 91 268 776 
589 20 562 520 719 199 75 458 253 818 723 283 981 695 867 914 985 133 952 152 926 191 
590 21 851 180 7 727 72 611 83 620 867 777 395 371 87 954 582 859 306 705 356 812 385 
591 21 112 180 7 37 613 159 981 826 22 20 791 518 476 698 415 211 484 834 574 100 815 
592 21 820 917 199 659 496 837 252 847 916 368 59 164 964 761 435 661 119 142 431 365 404 
593 20 732 578 149 444 37 875 982 243 723 182 916 442 905 468 13 38 661 889 181 398 
594 21 256 690 249 313 362 604 277 439 236 731 161 979 473 260 34 151 614 511 445 711 292 
595 21 247 793 365 699 462 544 370 359 647 189 696 841 877 534 988 686 557 407 771 171 913 
596 21 331 982 902 663 332 723 541 382 202 168 588 52 932 88 17 400 152 599 841 653 413 
597 21 79 933 599 56 725 710 601 679 618 793 614 798 280 716 105 801 298 29 516 560 242 
598 21 124 388 176 788 930 338 905 228 283 546 518 714 698 957 935 356 284 49 881 558 130 
599 21 393 753 649 335 659 948 204 47 915 161 319 55 178 555 597 860 791 571 474 363 596 
600 21 164 457 849 807 549 796 72 522 172 890 112 371 504 786 135 353 495 85 328 435 967 
601 21 45 23 658 312 896 78 597 349 683 233 653 131 97 992 160 173 128 747 889 995 635 
602 21 827 893 833 320 552 726 516 697 123 836 523 842 438 242 81 136 740 243 669 801 77 
603 21 125 444 454 795 342 703 215 621 619 775 966 818 969 674 495 480 869 115 981 104 339 
604 21 514 454 280 682 453 562 950 781 656 867 838 182 795 594 842 37 143 393 317 977 820 
605 21 361 616 606 72 835 510 890 51 374 109 69 210 650 943 733 77 617 59 250 636 723 
606 21 416 60 239 559 666 931 304 82 534 84 517 680 961 605 363 499 297 644 479 923 332 
607 21 614 806 507 818 485 420 574 264 146 53 3 509 631 542 724 532 103 175 791 789 91 
608 21 241 758 83 517 564 194 63 540 199 175 930 707 925 339 672 476 166 866 923 731 380 
609 21 746 561 112 756 288 803 413 867 33 817 902 128 178 403 994 15 350 84 669 22 246 
610 21 555 637 239 101 942 796 526 774 803 28 672 902 563 202 816 737 359 685 623 778 423 
611 21 79 919 462 460 790 328 62 313 220 264 667 927 907 580 762 329 590 248 661 871 680 
612 21 482 819 373 149 880 253 439 712 829 821 104 383 197 992 528 229 411 47 251 928 424 
613 21 956 5 342 591 6 630 575 30 814 415 409 842 646 264 39 243 485 680 731 114 994 
614 21 746 607 432 537 940 170 758 478 277 963 890 597 594 252 525 73 901 712 983 725 696 
615 21 538 956 739 770 804 506 583 238 890 556 857 929 434 636 685 492 134 926 494 686 987 
616 21 746 174 690 288 131 256 475 138 35 605 209 204 417 26 729 521 372 45 673 215 946 
617 21 306 753 727 949 449 563 605 828 647 628 923 321 137 97 296 103 587 879 584 648 126 
618 21 907 728 183 727 462 796 449 332 510 60 141 597 473 538 821 468 6 302 175 854 152 
619 20 873 389 756 946 774 703 299 944 502 527 636 603 384 997 933 826 752 577 13 575 
620 21 253 637 361 372 513 472 810 541 828 732 94 0 327 590 311 545 471 441 134 993 442 
621 21 348 726 962 722 246 603 538 997 392 417 850 933 394 993 584 82 623 536 448 254 289 
622 21 237 362 678 61 62 505 265 52 873 732 662 708 390 633 588 54 168 992 129 714 195 
623 21 454 200 543 804 341 573 236 782 904 961 6 621 466 610 775 778 656 95 489 297 908 
624 21 955 788 159 935 250 96 763 716 433 974 801 109 13 171 626 504 103 664 195 717 322 
625 21 389 649 506 848 368 295 347 630 656 944 130 918 449 686 858 43 442 22 357 940 893 
626 21 989 959 127 874 751 478 48 285 73 630 200 836 790 831 240 440 428 328 736 357 624 
627 21 201 971 217 497 81 744 107 548 535 112 442 188 941 6 961 553 366 541 732 760 337 
628 21 752 843 426 335 36 978 116 774 351 174 871 504 644 411 823 461 534 870 617 846 131 
629 21 162 480 100 706 666 810 351 572 98 901 181 247 683 143 403 271 877 682 390 30 915 
630 21 304 2 875 625 613 482 691 865 558 626 208 577 763 334 648 500 829 211 210 346 884 
631 20 886 315 827 497 170 83 650 439 572 764 857 901 867 937 227 684 664 913 286 607 
632 21 704 559 839 300 283 871 536 633 778 363 111 794 58 554 126 305 390 812 920 333 587 
633 21 269 846 386 245 355 502 561 764 970 334 933 424 801 247 0 302 632 714 635 819 622 
634 21 789 843 304 472 692 488 570 914 411 274 190 773 951 24 669 747 501 251 92 123 206 
635 21 13 519 578 938 46 689 742 152 633 897 879 670 376 85 267 193 601 771 221 977 275 
636 21 893 305 416 155 462 11 659 8 605 555 205 120 135 767 619 901 615 778 918 117 831 
637 21 176 753 199 332 919 301 52 638 610 318 483 468 242 294 620 451 981 784 106 17 642 
638 21 642 779 637 101 414 482 556 340 477 538 904 113 577 53 1 179 240 667 490 329 474 
639 21 720 92 770 986 138 758 277 645 730 141 879 530 97 855 291 305 672 902 43 992 523 
640 21 561 824 993 956 827 11 108 196 351 91 581 865 834 441 811 918 934 575 779 528 568 
641 21 876 207 447 703 182 645 676 436 718 323 104 290 902 293 672 535 345 844 401 534 513 
642 21 520 808 938 335 903 482 831 638 143 573 253 877 880 176 120 438 637 451 895 665 443 
643 21 865 917 255 515 544 75 835 944 496 118 975 84 77 252 188 571 388 766 698 421 385 
644 21 264 956 606 820 130 498 937 359 539 647 790 334 628 778 693 410 992 96 237 957 59 
645 21 783 457 694 39 641 695 202 143 996 924 639 661 253 376 972 54 764 738 563 947 901 
646 21 813 946 978 526 207 613 822 300 128 141 308 213 767 819 793 729 821 408 428 425 490 
647 21 919 875 860 141 764 829 523 104 644 586 617 814 267 404 474 846 128 554 595 91 908 
648 21 191 513 651 630 731 30 433 353 550 192 899 195 969 787 617 305 431 754 203 430 398 
649 21 180 849 324 930 368 872 329 869 125 599 410 625 719 262 961 688 431 333 156 471 5 
650 21 559 291 333 426 194 719 458 374 882 557 235 502 297 4 330 152 423 681 141 631 605 
651 21 386 98 281 936 669 543 204 464 130 764 445 339 494 786 648 830 486 17 57 54 295 
652 21 396 690 256 249 217 659 758 981 910 437 484 937 69 415 284 297 388 859 404 914 418 
653 21 805 965 520 576 335 880 978 675 573 596 304 413 48 99 996 831 353 601 677 528 550 
654 21 127 150 63 897 474 424 87 535 672 877 408 541 695 371 857 112 411 54 528 148 780 
655 21 481 569 540 840 333 585 509 163 385 982 683 315 673 980 191 112 865 972 658 270 204 
656 20 959 576 726 604 625 982 556 18 585 912 574 61 219 6 664 623 433 784 738 221 
657 21 531 663 903 372 478 439 713 916 504 499 3 31 913 203 825 321 817 705 715 286 157 
658 21 116 67 582 436 40 155 138 109 490 50 190 997 509 930 706 601 280 177 216 963 655 
659 21 694 907 838 530 4 48 314 467 361 592 36 599 43 145 924 953 636 902 652 845 439 
660 21 432 457 414 170 922 88 98 921 490 230 307 0 911 259 790 388 418 128 565 123 852 
661 21 224 467 315 457 416 898 362 611 645 585 401 455 500 309 106 957 364 593 592 14 407 
662 21 16 150 419 316 860 820 888 317 760 284 53 388 622 206 404 356 717 750 812 261 268 
663 21 150 578 124 922 99 80 657 743 2 747 979 781 820 307 287 988 117 342 885 596 63 
664 21 138 218 699 255 72 304 86 84 813 865 227 624 736 109 1 999 773 92 656 631 784 
665 21 756 273 840 700 520 642 57 419 230 101 221 197 125 454 695 950 184 800 298 939 241 
666 21 443 414 509 753 150 194 233 945 328 629 349 716 736 938 458 185 26 291 466 360 606 
667 21 785 421 520 101 312 372 464 611 553 248 6 309 638 819 374 392 580 240 677 711 560 
668 21 67 276 841 581 315 567 756 546 170 573 835 290 453 445 892 471 301 740 32 368 285 
669 20 651 799 2 313 199 602 204 609 202 901 6 164 269 536 259 897 634 261 4 547 
670 20 475 63 751 840 521 196 156 30 710 909 87 394 474 270 109 54 336 635 50 398 
671 21 811 226 314 372 246 857 455 486 187 10 575 0 210 551 59 677 21 200 859 263 749 
672 21 397 998 5 898 806 348 608 896 641 654 639 493 881 990 205 369 296 822 610 826 473 
673 21 348 962 971 616 552 695 383 374 331 406 961 311 760 228 869 42 481 582 864 33 655 
674 21 454 257 942 316 116 355 260 525 603 15 742 117 579 321 64 494 4 173 50 226 147 
675 21 746 257 343 807 375 540 653 935 455 170 775 973 814 267 269 337 811 512 786 573 840 
676 21 293 194 641 355 472 238 76 12 887 933 20 247 281 353 208 38 297 677 682 459 560 
677 20 142 567 236 975 733 555 395 384 998 785 279 653 208 873 671 417 676 471 667 364 
678 21 874 318 381 270 565 924 972 534 837 499 154 826 566 622 461 238 832 99 970 913 487 
679 20 316 783 312 526 597 29 202 340 760 815 187 258 988 388 918 493 191 142 587 128 
680 21 155 568 934 979 506 470 552 606 940 839 613 983 611 284 114 275 495 300 987 493 130 
681 21 518 462 806 222 948 792 512 650 84 745 819 854 511 951 328 705 588 587 325 565 584 
682 20 206 940 318 604 184 8 762 202 629 30 463 94 135 59 43 757 841 952 428 676 
683 21 89 178 904 94 655 944 172 182 317 71 601 830 812 35 850 834 463 823 970 244 629 
684 21 446 549 199 797 370 701 384 463 825 43 579 631 65 403 129 838 479 854 114 789 841 
685 21 574 382 403 862 727 462 765 379 487 566 242 455 203 166 345 985 405 615 154 610 582 
686 20 882 625 162 57 527 919 334 20 615 476 595 819 321 226 850 4 717 385 776 158 
687 21 722 446 72 512 488 968 401 771 41 407 22 907 721 226 321 80 282 298 969 900 863 
688 21 9 567 649 862 44 925 762 159 713 829 12 140 224 873 479 693 493 467 267 995 259 
689 21 429 567 397 379 67 692 488 878 901 188 743 35 366 448 344 850 711 47 635 360 96 
690 21 239 426 862 367 77 594 516 652 280 962 441 406 419 132 503 941 120 303 616 957 756 
691 21 272 87 748 344 9 771 557 471 221 73 630 216 353 545 477 511 420 144 864 301 311 
692 21 155 837 530 808 795 446 234 378 299 689 528 820 8 266 254 972 344 634 263 275 451 
693 21 110 991 102 434 910 973 291 215 17 87 360 644 192 908 688 532 92 50 143 158 705 
694 21 903 659 37 914 959 2 876 745 993 420 542 500 293 17 983 988 645 190 235 27 184 
695 21 507 231 788 665 5 138 719 673 199 654 645 246 484 706 589 469 794 268 31 718 973 
696 21 125 578 155 343 950 29 182 283 847 856 547 218 698 957 70 966 388 614 595 198 569 
697 21 482 256 709 602 236 731 883 311 453 571 476 819 873 392 897 171 832 139 716 721 532 
698 21 714 315 598 512 744 88 18 591 357 45 696 495 748 868 643 494 501 329 356 14 333 
699 21 872 288 32 234 450 799 44 785 133 48 526 236 664 595 845 814 65 972 714 59 352 
700 21 956 843 739 971 180 444 44 397 795 80 71 562 942 360 665 223 524 90 305 297 313 
701 21 976 732 194 802 783 37 380 513 810 950 98 477 161 907 73 68 684 836 276 154 104 
702 21 519 46 299 843 257 892 397 62 528 521 145 548 840 759 900 824 28 969 762 921 946 
703 21 526 835 773 564 506 603 463 95 80 619 179 931 55 370 909 29 641 233 757 708 245 
704 21 74 632 739 457 770 127 222 280 379 184 510 902 724 87 6 301 714 435 524 761 919 
705 21 907 11 840 835 81 884 545 468 915 254 657 139 773 681 590 40 376 693 452 193 995 
706 20 629 7 658 481 839 60 886 98 695 227 17 500 0 139 908 392 869 879 965 328 
707 21 456 222 313 608 792 238 98 780 201 216 737 87 985 769 399 710 474 192 815 321 855 
708 21 411 288 241 703 184 153 886 323 968 339 250 736 855 122 993 900 926 622 305 732 977 
709 21 314 184 338 843 543 788 576 861 477 296 947 212 697 294 121 447 362 738 128 745 475 
710 21 216 576 313 174 597 857 888 670 105 344 25 247 923 270 259 336 930 486 394 392 707 
711 21 826 444 470 352 594 451 213 201 831 743 689 436 336 969 190 995 993 789 308 278 667 
712 21 36 310 460 193 781 900 910 834 233 979 614 612 279 105 569 400 423 490 218 915 523 
713 21 416 22 992 514 255 849 236 813 532 657 913 523 565 309 404 317 489 688 817 420 568 
714 20 888 698 16 310 598 699 132 526 207 962 704 303 930 743 499 0 945 633 918 622 
715 21 393 127 839 304 108 260 816 338 785 10 186 1 936 271 657 459 306 923 939 148 868 
716 20 960 167 666 949 32 458 355 597 563 968 291 624 151 279 269 428 131 697 136 965 
717 21 332 940 876 8 99 326 624 579 392 541 263 240 365 26 662 932 686 852 223 754 50 
718 21 347 554 799 46 641 553 695 912 858 845 368 406 274 960 740 287 82 418 154 296 302 
719 21 564 355 472 649 929 114 286 769 163 551 695 925 650 132 178 589 875 139 864 393 876 
720 21 44 39 639 548 102 911 456 733 934 317 559 902 506 105 886 295 292 393 271 7 893 
721 20 411 578 799 895 2 412 783 583 781 517 687 66 405 259 697 226 160 511 789 404 
722 21 241 762 687 149 462 32 573 253 856 621 369 929 768 907 20 334 810 105 118 301 202 
723 21 927 255 72 596 67 925 762 358 814 438 593 331 118 738 589 941 987 440 825 605 250 
724 20 939 79 770 564 456 138 8 835 890 90 704 888 219 187 819 479 21 493 607 92 
725 20 90 396 225 802 249 765 502 496 597 202 98 865 110 905 30 219 10 614 45 428 
726 21 515 881 155 506 123 268 745 845 459 740 621 400 920 656 540 822 602 140 824 556 982 
727 21 938 975 870 176 172 839 618 95 617 733 230 590 901 497 851 231 461 685 447 326 36 
728 21 16 28 99 283 867 77 524 347 989 575 23 618 87 788 434 804 996 3 986 359 167 
729 20 906 616 796 449 982 99 507 323 425 646 311 87 504 863 45 759 794 212 259 85 
730 21 49 369 453 794 129 350 128 333 639 90 381 139 920 763 982 213 527 322 818 809 153 
731 21 902 781 889 138 608 758 613 975 594 697 648 171 123 992 404 560 19 863 339 369 829 
732 20 701 593 567 7 335 11 751 970 620 311 627 571 230 319 151 622 301 708 91 4 
733 21 349 970 808 727 386 720 481 822 99 93 605 326 370 677 574 916 908 913 117 851 323 
734 20 460 124 241 521 762 323 851 955 745 230 915 824 281 551 208 999 530 900 773 365 
735 21 917 968 131 16 389 526 744 358 311 193 945 211 18 148 325 86 305 110 291 970 916 
736 21 124 666 978 419 470 540 324 526 196 60 369 626 845 13 664 541 309 21 708 879 210 
737 21 68 27 257 149 804 320 324 566 510 29 317 439 385 928 610 966 131 947 707 826 983 
738 21 794 895 2 217 709 860 645 172 242 527 723 921 523 117 428 911 748 830 656 123 471 
739 21 700 432 361 7 72 704 967 556 752 778 458 985 615 836 277 505 926 957 975 997 169 
740 20 548 288 807 726 602 668 837 60 866 904 19 61 469 909 424 25 943 189 934 718 
741 21 375 570 849 949 75 840 469 43 119 266 495 494 100 19 383 551 178 214 42 297 813 
742 21 13 788 149 124 2 217 56 510 535 434 555 395 303 322 635 928 674 289 518 129 757 
743 21 299 663 320 902 438 102 894 928 345 689 417 302 941 120 714 711 13 85 752 211 187 
744 21 46 165 149 101 978 751 571 941 936 474 58 960 309 152 735 134 510 499 627 698 437 
745 21 104 457 709 694 280 726 475 482 531 326 782 12 734 966 4 399 311 94 681 749 187 
746 21 971 616 675 609 614 431 44 148 477 201 498 171 215 889 371 8 316 306 47 923 515 
747 20 279 663 583 174 86 535 935 525 997 516 10 864 189 117 66 428 924 969 634 601 
748 21 691 783 348 234 458 485 330 187 247 856 417 588 850 698 203 738 421 129 977 109 418 
749 21 956 390 83 260 894 745 504 53 96 281 873 212 14 532 671 979 870 175 406 65 854 
750 21 773 222 458 141 48 51 780 829 337 307 366 409 122 825 924 465 308 662 54 31 275 
751 21 758 520 462 880 515 312 344 744 626 338 512 65 887 811 670 111 732 373 401 201 450 
752 21 125 628 739 454 412 446 807 332 487 935 283 434 215 821 743 187 403 1 838 619 20 
753 21 637 895 959 502 809 916 194 666 957 529 267 934 154 769 931 427 599 617 807 875 124 
754 20 386 497 170 355 266 76 410 999 137 467 365 31 717 547 648 203 776 158 267 385 
755 21 872 875 379 78 921 161 25 74 240 395 30 834 305 147 117 162 835 303 50 498 946 
756 21 315 665 942 856 204 107 993 452 43 121 609 249 690 171 846 195 668 619 433 837 986 
757 21 800 165 256 343 703 245 860 445 408 337 423 168 534 832 682 54 541 742 275 106 530 
758 21 608 751 510 795 449 39 881 731 477 421 614 798 652 364 50 461 639 775 390 885 896 
759 21 125 808 976 702 46 249 875 304 88 201 408 453 833 785 492 541 729 261 763 936 923 
760 21 310 400 474 456 673 314 253 818 981 856 912 679 801 69 486 368 812 539 775 662 627 
761 21 895 520 765 810 88 300 704 293 891 391 452 772 422 817 932 979 41 210 297 592 900 
762 21 722 702 49 611 81 303 252 300 800 129 723 682 237 836 688 734 539 939 283 944 141 
763 21 162 940 266 730 349 818 630 545 997 892 624 759 435 179 259 208 899 154 832 580 240 
764 21 507 928 257 167 412 460 645 125 291 237 633 968 68 45 647 365 631 651 536 27 18 
765 21 79 808 74 149 444 44 262 761 58 37 202 297 852 814 358 725 240 549 148 685 526 
766 21 248 150 183 470 478 108 935 382 66 122 994 495 772 643 111 229 240 103 364 560 365 
767 21 71 127 217 796 848 458 304 209 527 636 646 933 87 582 466 43 269 511 534 383 551 
768 20 150 558 157 165 940 497 922 352 508 722 246 57 156 488 429 25 309 864 106 164 
769 21 163 59 753 132 412 719 280 487 358 882 311 338 826 250 20 278 50 869 707 1 346 
770 21 808 537 413 574 492 135 25 899 879 234 143 83 615 40 196 724 111 367 639 704 11 
771 21 511 143 543 116 774 691 473 687 871 17 276 595 226 24 635 144 267 518 374 588 344 
772 20 77 378 478 484 973 486 140 985 230 582 864 80 366 569 0 579 761 992 532 766 
773 21 703 750 559 549 512 910 930 411 664 258 3 95 734 941 206 705 270 195 634 336 501 
774 21 225 895 124 82 184 388 892 269 232 177 991 468 19 771 453 628 954 619 610 584 460 
775 21 839 938 799 675 758 350 818 93 437 760 400 603 523 557 577 623 811 185 91 179 157 
776 21 367 149 124 491 561 921 10 800 387 64 198 92 483 114 501 145 588 754 686 58 158 
777 21 925 475 48 243 556 102 323 73 437 408 988 175 972 111 465 955 907 899 590 345 905 
778 21 212 739 792 886 636 882 826 610 644 623 224 109 198 939 452 536 142 465 632 173 789 
779 20 638 843 802 792 236 102 640 910 847 980 219 96 247 185 270 536 97 465 897 145 
780 21 472 471 843 9 506 502 809 866 178 271 415 104 958 582 654 750 373 328 707 230 484 
781 21 731 239 397 663 280 604 393 253 982 712 325 267 828 721 856 259 390 228 291 785 303 
782 21 434 386 375 544 513 525 232 429 216 371 984 557 467 554 451 109 745 529 623 247 585 
783 21 578 645 976 463 503 679 721 430 819 90 93 54 402 748 570 554 943 701 309 838 875 
784 21 375 637 150 849 896 67 982 572 110 970 205 384 106 322 801 656 190 40 105 664 418 
785 21 853 423 667 699 362 839 378 220 326 781 359 230 161 677 114 759 281 715 154 913 53 
786 21 288 79 872 942 675 447 304 931 535 651 829 303 577 600 158 384 175 964 164 885 994 
787 21 303 379 840 844 90 975 847 967 579 868 812 390 648 951 267 52 791 143 430 969 24 
788 21 514 728 695 709 277 467 492 742 598 206 869 377 624 10 824 976 814 893 266 903 127 
789 21 89 634 341 199 890 15 87 684 967 139 190 711 198 607 128 214 778 958 265 721 24 
790 21 219 976 806 460 49 611 865 178 488 983 626 504 644 988 428 85 660 868 181 278 145 
791 20 473 986 288 549 875 599 340 591 484 69 930 327 360 987 569 794 403 387 607 787 
792 21 389 125 326 283 174 707 111 164 997 945 778 779 818 536 681 279 27 59 434 162 294 
793 20 595 918 127 316 940 803 209 196 159 597 450 981 646 248 368 518 569 913 271 200 
794 21 730 738 419 875 220 153 525 695 233 61 841 122 223 417 791 461 729 329 391 258 632 
795 21 700 334 457 239 959 25 349 603 984 348 924 758 867 962 159 435 267 556 961 692 604 
796 21 396 805 167 114 201 298 56 229 767 45 481 937 600 877 618 610 849 209 729 213 380 
797 21 72 304 246 371 121 20 259 74 468 563 684 425 502 410 471 174 306 1 387 13 86 
798 21 369 862 758 597 201 311 303 881 17 360 466 960 302 92 846 100 471 200 144 148 879 
799 21 543 124 449 578 70 669 775 76 455 28 718 110 721 337 986 699 366 804 559 908 402 
800 21 882 757 854 396 665 861 458 762 358 548 112 947 211 993 776 126 154 492 990 307 115 
801 21 189 183 549 602 478 130 597 358 531 437 760 568 415 19 455 499 624 64 784 633 122 
802 21 273 51 986 586 27 468 992 573 725 779 497 381 109 576 823 207 529 814 701 860 991 
803 21 255 563 451 394 609 59 356 266 793 175 551 453 840 146 943 610 934 278 163 553 513 
804 21 514 127 186 728 799 426 943 270 588 615 364 174 737 623 529 886 272 998 298 314 412 
805 21 796 424 653 261 150 273 402 320 427 526 970 495 129 979 992 890 137 345 854 119 327 
806 21 861 256 515 816 852 607 195 216 217 311 529 44 553 449 909 790 681 285 672 987 540 
807 21 63 69 753 272 740 578 981 954 60 53 600 752 173 37 509 156 219 893 675 299 540 
808 21 642 862 770 827 887 457 578 765 692 918 733 814 0 555 811 759 583 296 120 84 183 
809 21 753 552 427 496 820 558 465 525 542 933 492 195 140 81 947 317 575 60 197 780 730 
810 21 456 127 942 375 393 350 722 852 629 482 761 909 620 887 701 254 97 328 824 910 925 
811 21 125 671 275 808 543 898 414 37 675 751 482 295 640 585 571 582 775 448 936 221 66 
812 21 184 515 522 683 102 488 760 815 423 994 972 297 562 119 787 965 632 587 662 158 590 
813 21 546 646 55 457 876 848 234 839 513 220 125 263 855 741 664 18 932 441 713 218 156 
814 21 535 34 808 788 699 880 456 802 540 765 675 378 613 326 723 970 851 914 995 399 647 
815 21 304 519 861 848 508 57 996 498 572 438 901 980 113 812 591 679 974 994 871 459 707 
816 21 806 239 447 944 89 820 822 326 25 529 821 359 610 947 422 109 161 186 715 229 921 
817 20 289 567 165 583 464 609 837 285 73 713 545 486 891 409 1 761 657 435 900 190 
818 21 46 847 104 30 792 512 893 730 553 154 760 589 551 607 824 492 775 763 312 283 603 
819 21 612 288 783 549 427 875 927 822 485 888 878 646 0 681 221 686 667 958 724 697 633 
820 21 108 340 592 827 288 663 378 644 373 200 662 954 809 513 89 190 497 604 816 282 692 
821 21 294 109 482 816 894 244 646 171 483 992 166 936 612 259 3 368 752 881 114 618 955 
822 21 361 535 414 726 464 502 819 928 963 482 646 995 998 227 867 834 541 816 733 344 672 
823 21 950 802 343 36 241 352 447 253 238 556 683 425 175 554 296 345 936 555 357 471 628 
824 21 640 879 788 702 9 726 810 413 29 818 429 121 887 279 423 734 993 461 50 920 271 
825 21 303 454 506 393 141 723 77 910 330 883 998 146 337 915 684 945 657 750 405 47 972 
826 21 477 985 711 564 255 896 39 508 355 678 349 672 591 737 980 769 619 778 139 388 80 
827 21 808 602 290 150 242 499 154 288 631 372 912 820 502 438 136 955 640 146 115 340 255 
828 21 848 271 587 4 872 880 896 573 351 71 213 620 73 781 913 480 945 617 953 932 43 
829 21 272 149 564 199 438 555 901 630 647 612 235 398 786 750 263 884 905 688 346 731 205 
830 21 310 876 651 473 683 882 429 334 557 106 972 38 738 489 870 275 430 953 161 979 390 
831 21 642 838 64 235 241 280 350 837 86 99 112 477 246 636 330 961 711 547 653 382 626 
832 20 998 876 352 513 678 485 437 284 933 985 915 423 106 757 550 697 763 198 951 965 
833 21 602 83 182 437 867 452 210 924 926 918 188 582 581 534 339 529 301 759 97 937 887 
834 20 29 514 959 273 127 755 496 822 683 640 591 712 858 399 428 97 64 939 951 547 
835 21 703 315 755 981 122 325 64 724 392 487 988 495 208 643 491 705 668 983 605 149 78 
836 21 473 739 514 470 427 602 380 245 294 762 182 894 701 121 887 626 480 221 966 466 994 
837 21 692 113 756 32 138 876 204 78 81 678 439 130 140 592 740 905 420 831 958 817 216 
838 21 831 127 101 783 375 348 659 280 604 299 39 77 395 538 486 752 264 388 173 279 684 
839 21 225 491 775 885 223 559 727 116 69 344 632 785 107 680 269 813 706 715 918 484 508 
840 21 665 349 444 7 702 262 375 655 705 85 440 787 675 433 741 992 670 466 28 205 803 
841 21 668 273 596 130 238 996 369 973 684 794 908 193 305 936 41 282 842 410 301 682 595 
842 20 234 520 180 552 549 602 604 372 613 893 295 477 867 912 121 841 269 82 388 465 
843 21 700 176 310 519 779 68 235 562 72 709 634 232 780 702 628 886 342 320 564 536 432 
844 21 454 315 225 543 540 316 37 641 517 500 184 888 977 75 109 47 465 847 493 787 93 
845 21 571 699 946 341 659 481 726 982 510 351 252 369 285 233 529 229 534 736 718 405 106 
846 20 633 443 756 132 342 446 362 525 570 905 517 539 887 276 289 647 476 628 212 798 
847 21 818 426 379 844 696 392 113 973 323 408 787 224 62 171 904 484 592 859 779 307 442 
848 21 444 196 828 285 184 586 199 625 243 139 813 815 417 524 767 275 5 269 495 273 472 
849 21 649 454 297 214 210 904 741 784 263 374 948 57 493 527 385 70 600 405 713 536 796 
850 21 425 880 352 299 204 478 277 439 18 683 283 904 424 504 621 135 689 210 748 686 542 
851 21 370 590 444 727 510 527 733 488 292 210 734 197 19 120 205 105 518 200 814 190 371 
852 21 413 432 806 765 332 810 238 886 29 921 284 35 59 353 990 211 404 932 660 214 717 
853 21 919 785 859 432 457 862 880 36 49 323 916 979 383 22 232 353 879 230 229 319 952 
854 21 800 176 239 256 434 805 30 327 250 346 684 210 558 618 749 906 528 580 364 681 467 
855 21 316 79 241 294 639 886 813 113 423 987 281 344 707 392 206 363 80 708 191 417 550 
856 20 756 23 412 32 948 544 294 722 450 975 252 760 781 545 955 696 967 530 467 748 
857 21 526 284 38 418 432 976 938 46 277 654 950 615 66 368 330 517 15 710 671 631 570 
858 21 996 225 335 949 625 359 920 834 263 201 906 974 197 4 15 59 12 271 587 718 250 
859 21 853 396 443 426 416 507 202 369 847 400 319 652 66 965 114 590 259 417 325 581 671 
860 21 378 426 802 46 599 350 757 422 662 496 547 545 969 738 436 952 421 407 647 179 533 
861 21 872 806 238 311 520 257 709 490 354 279 955 800 365 465 484 503 911 324 815 78 116 
862 21 808 292 690 162 685 257 168 545 346 688 65 152 382 798 102 324 224 561 853 286 559 
863 21 243 537 378 393 355 236 563 731 729 133 147 26 870 289 687 574 282 329 483 934 53 
864 21 940 942 719 673 331 107 691 358 555 772 768 298 452 918 747 346 197 908 550 405 21 
865 21 549 643 971 361 32 655 473 664 630 790 408 251 468 980 985 177 143 67 570 725 640 
866 21 475 318 608 245 740 530 999 503 338 979 400 505 970 780 529 297 368 3 897 327 498 
867 21 273 410 728 795 604 609 822 929 327 13 590 833 589 178 394 151 631 968 177 842 359 
868 21 219 256 342 497 153 84 323 571 151 945 212 790 547 542 715 879 787 14 409 698 91 
869 21 11 649 788 564 9 673 874 482 293 244 490 603 769 428 274 706 431 966 356 376 532 
870 20 727 180 978 48 886 498 338 264 863 582 289 307 628 908 749 97 418 532 542 830 
871 21 508 176 917 11 170 896 611 950 886 326 477 105 261 268 453 632 471 628 771 100 815 
872 21 443 5 699 861 755 49 950 924 16 463 154 786 571 54 44 507 433 333 649 828 37 
873 21 445 619 116 401 80 286 152 459 688 392 190 972 111 749 999 232 677 697 195 278 622 
874 21 414 678 119 267 517 292 196 400 211 200 291 869 192 911 915 387 105 380 998 626 393 
875 21 755 753 167 719 783 381 630 553 136 819 794 496 791 647 759 269 367 582 593 379 245 
876 21 546 641 507 994 310 51 832 837 440 351 177 237 830 937 47 717 813 719 934 272 694 
877 20 316 642 167 320 217 796 654 242 473 425 878 629 197 964 524 399 595 210 972 192 
878 21 323 999 978 352 67 80 368 205 947 819 985 448 357 689 399 129 889 278 979 877 233 
879 21 824 770 262 170 331 290 639 572 340 904 853 736 868 126 198 278 706 373 635 798 617 
880 21 255 233 642 462 612 850 345 653 551 953 33 574 751 952 828 564 853 63 814 85 942 
881 21 726 938 598 758 521 672 156 98 984 359 821 258 157 933 505 494 42 798 357 499 463 
882 21 255 800 686 443 39 67 650 60 90 769 910 830 218 113 905 778 484 186 3 73 894 
883 21 544 163 955 289 23 927 159 236 525 41 160 483 109 896 205 62 825 366 269 697 395 
884 21 234 33 187 149 183 903 262 989 572 97 216 630 705 19 441 974 131 452 388 988 829 
885 20 839 263 543 386 663 549 758 447 944 533 125 29 112 929 395 248 227 997 786 492 
886 21 169 631 843 804 720 948 209 855 261 870 68 911 778 852 936 240 871 370 708 706 110 
887 21 808 181 751 810 12 483 846 581 951 676 503 999 836 824 247 587 833 381 912 579 463 
888 21 507 714 343 378 844 18 662 338 819 450 477 64 710 724 140 495 133 545 263 296 292 
889 21 731 239 389 746 32 60 878 233 424 422 374 918 136 542 601 580 977 147 593 391 144 
890 21 209 318 234 963 422 228 532 65 724 206 600 605 203 410 789 287 100 69 615 614 805 
891 21 942 286 396 167 162 326 952 403 924 761 399 383 994 301 193 96 421 817 41 235 270 
892 21 18 164 377 225 79 702 402 774 668 561 300 252 182 102 33 215 904 142 763 336 22 
893 21 602 636 788 807 497 427 54 515 525 395 818 476 28 533 625 354 720 190 842 571 367 
894 21 931 903 312 20 235 920 424 365 129 582 836 197 955 749 882 821 530 421 743 912 910 
895 21 753 761 642 976 990 515 931 488 522 721 897 738 774 527 183 993 258 959 423 242 352 
896 21 331 332 519 361 273 397 871 295 784 89 601 435 325 230 403 758 826 337 672 828 883 
897 21 51 895 318 654 246 507 866 484 538 571 360 382 697 136 325 301 203 635 669 779 430 
898 21 389 971 917 182 508 661 438 312 69 32 959 583 978 265 356 811 215 672 228 496 386 
899 21 450 971 770 343 318 496 93 777 466 232 192 999 374 333 206 123 214 648 957 97 763 
900 21 517 917 132 702 36 380 712 490 973 687 248 35 286 157 708 229 761 91 817 734 52 
901 21 397 727 506 393 636 73 631 829 669 629 95 193 992 391 689 645 297 614 815 188 499 
902 21 596 731 191 720 659 641 609 639 376 610 451 743 242 992 202 565 30 704 939 328 188 
903 21 642 342 583 694 294 86 578 788 537 359 535 69 657 297 945 937 894 884 138 78 245 
904 21 683 849 217 447 975 847 12 284 892 623 945 638 35 373 850 31 879 527 21 740 909 
905 21 153 598 837 118 882 829 725 421 988 581 777 406 377 565 52 373 385 846 593 276 504 
906 20 563 729 249 318 513 98 354 395 12 912 858 909 140 22 499 382 575 164 247 854 
907 21 659 618 705 396 564 249 446 320 341 611 722 996 570 701 216 777 359 687 157 338 557 
908 21 470 493 799 559 546 290 733 227 864 841 518 410 647 391 623 693 142 706 200 870 489 
909 21 90 239 806 922 207 703 810 18 904 20 385 906 431 157 740 95 364 13 232 670 338 
910 21 331 397 320 449 810 18 984 882 773 916 825 955 151 894 693 88 934 652 779 928 712 
911 21 720 861 874 75 439 886 935 283 921 985 381 186 143 161 660 565 404 738 259 254 131 
912 21 970 185 406 827 89 450 894 760 453 975 842 718 656 94 407 211 983 52 994 906 887 
913 21 537 397 946 379 678 236 507 733 347 484 713 785 828 575 26 793 524 595 269 631 657 
914 21 694 361 324 348 331 439 531 919 814 399 232 223 418 448 200 634 344 423 134 589 652 
915 21 382 520 389 874 272 599 712 163 164 705 494 734 214 465 832 307 232 210 629 825 322 
916 21 315 753 447 733 102 910 73 15 593 558 476 592 735 265 301 657 151 394 137 853 523 
917 21 976 735 418 303 245 486 440 232 931 527 30 396 871 321 900 121 592 345 443 643 898 
918 21 793 808 262 470 839 625 508 533 636 640 984 833 864 190 679 329 889 714 103 560 489 
919 21 611 853 647 586 637 132 386 427 351 525 102 230 387 914 937 409 686 931 34 704 401 
920 21 331 726 730 51 93 110 894 568 104 858 424 577 954 824 139 435 306 391 586 191 632 
921 21 755 702 11 502 852 374 738 816 911 660 995 221 395 300 776 186 398 231 459 428 429 
922 21 150 57 76 1 287 663 181 909 84 768 517 173 241 277 112 3 660 136 117 192 108 
923 21 354 746 2 606 341 608 548 201 710 87 264 943 577 588 82 66 430 617 14 759 715 
924 21 872 795 552 659 393 678 645 349 498 833 284 15 891 516 421 747 387 750 969 328 139 
925 21 320 777 455 46 719 608 447 688 548 723 810 237 88 317 387 983 984 930 966 213 159 
926 21 555 739 559 378 184 294 201 833 30 319 346 615 589 954 467 509 708 503 489 103 31 
927 21 217 723 562 79 63 549 611 883 441 220 819 62 52 467 575 485 134 939 429 391 83 
928 20 764 543 341 521 822 159 283 485 295 293 910 737 69 303 743 612 187 146 742 41 
929 21 90 169 249 719 332 204 89 722 390 974 441 319 498 336 485 41 615 885 406 867 227 
930 21 649 956 598 386 116 658 199 608 925 438 523 251 714 773 309 133 296 6 791 286 710 
931 21 167 894 442 753 917 895 515 606 703 57 91 786 270 58 483 941 574 541 60 563 919 
932 20 319 183 314 162 596 48 813 828 115 761 271 387 191 214 206 852 717 584 398 385 
933 21 597 16 234 809 996 881 633 832 676 557 360 767 224 423 466 166 476 619 960 38 621 
934 21 680 753 79 7 720 313 940 876 318 803 57 640 910 415 61 863 740 287 168 226 550 
935 21 318 307 274 257 598 675 573 56 283 399 163 193 983 218 747 555 752 911 766 624 408 
936 21 651 152 971 991 744 886 425 823 821 841 322 811 117 759 715 122 479 297 95 383 558 
937 21 531 137 903 796 876 60 438 919 652 247 261 988 631 474 644 472 373 400 538 58 833 
938 21 642 727 89 468 514 635 313 10 462 949 169 881 161 857 425 116 237 150 775 220 666 
939 21 538 528 724 665 927 762 566 290 902 77 102 317 322 66 152 715 139 407 181 834 778 
940 21 419 312 512 864 132 362 116 717 377 680 955 614 763 682 768 511 934 793 21 979 625 
941 20 286 180 690 101 316 341 744 242 931 723 425 627 12 104 743 276 945 990 95 773 
942 21 756 378 891 700 578 462 864 810 674 31 196 236 987 180 198 880 610 401 449 786 249 
943 21 490 10 576 804 167 783 49 803 605 283 395 539 384 278 947 237 441 476 740 923 987 
944 21 2 625 223 118 885 162 26 643 345 446 411 418 462 70 683 619 487 495 3 816 762 
945 21 299 7 666 11 903 552 792 566 159 735 904 177 828 868 941 825 143 714 329 171 392 
946 21 559 353 646 999 587 57 755 87 275 616 125 702 516 458 137 913 845 961 285 619 552 
947 20 86 543 74 273 709 234 962 78 809 645 816 970 878 737 303 113 943 800 974 258 
948 21 194 481 567 849 153 991 856 570 886 6 253 223 987 681 474 312 544 420 103 68 599 
949 21 7 503 938 149 537 358 94 741 617 357 489 495 327 858 975 216 235 123 144 716 962 
950 21 872 358 73 823 197 62 665 991 604 319 493 696 435 429 115 286 701 871 405 857 507 
951 21 218 7 456 118 51 340 33 574 887 424 289 960 562 832 554 834 634 977 681 265 787 
952 21 61 443 880 464 860 304 451 347 973 420 574 523 113 891 382 368 279 589 853 682 66 
953 21 980 880 32 348 659 277 67 86 93 330 248 151 828 189 964 381 122 55 226 298 830 
954 21 196 210 74 807 774 820 358 102 429 394 469 590 64 117 145 231 528 164 920 961 926 
955 21 883 624 827 861 583 940 340 894 910 777 821 221 965 734 264 856 327 319 208 0 985 
956 21 700 16 520 225 79 578 167 249 613 749 640 930 644 174 262 150 215 615 226 197 567 
957 21 107 739 753 690 598 207 81 294 358 99 498 330 585 227 644 322 696 302 979 661 899 
958 21 297 239 217 314 837 202 780 69 291 279 409 550 819 223 226 530 406 64 147 251 789 
959 21 753 456 497 573 656 895 795 626 694 32 206 122 834 543 80 420 69 82 138 386 898 
960 21 439 716 75 744 102 219 468 933 404 308 551 388 142 251 270 951 274 479 798 541 718 
961 21 473 649 132 946 795 673 606 280 299 555 627 831 980 284 480 558 192 95 623 466 954 
962 21 673 242 690 343 795 506 93 949 714 326 330 339 621 267 947 210 371 271 487 470 573 
963 21 443 146 658 378 374 201 62 890 966 522 117 614 309 38 197 500 561 420 351 295 822 
964 21 531 459 170 331 512 970 248 121 786 179 581 193 148 377 877 399 592 154 953 185 476 
965 21 653 449 380 88 572 201 955 384 146 859 85 136 716 278 812 706 421 119 832 103 261 
966 20 548 361 578 44 23 546 380 963 925 317 737 603 745 13 696 237 836 157 869 542 
967 21 439 168 315 739 355 107 553 535 178 488 545 539 140 480 41 787 440 856 789 600 428 
968 21 735 16 764 867 440 224 716 565 980 69 297 268 175 345 328 50 298 708 687 208 17 
969 21 567 986 702 2 860 178 295 603 687 998 582 131 924 711 191 145 747 648 214 128 787 
970 21 733 912 313 72 378 678 735 866 683 531 188 947 732 196 784 633 814 964 205 993 805 
971 21 700 746 412 313 478 16 80 480 865 147 571 899 936 627 284 898 415 456 673 510 255 
972 21 989 417 699 412 312 655 678 645 692 242 777 281 126 588 812 825 1 296 830 877 873 
973 21 975 409 257 183 262 675 350 772 189 841 214 900 203 582 693 952 695 244 282 109 847 
974 21 108 43 51 572 929 102 340 884 442 858 815 187 480 624 168 265 126 321 430 947 366 
975 21 727 973 739 44 46 949 159 236 856 677 787 399 65 904 474 510 577 731 238 643 912 
976 21 165 917 257 241 701 218 280 216 759 857 260 116 68 238 895 790 783 111 300 442 788 
977 21 330 169 604 844 99 370 485 94 518 224 748 951 214 103 889 430 635 305 143 708 979 
978 21 150 90 473 426 898 386 233 48 878 646 368 736 998 653 870 181 744 572 148 628 342 
979 21 680 396 663 940 522 107 866 594 340 878 712 805 853 761 957 749 198 830 501 977 158 
980 21 180 953 105 655 367 865 968 401 334 333 826 160 815 961 424 175 35 384 247 779 469 
981 21 583 637 807 835 760 122 589 374 201 551 591 547 120 325 511 793 47 490 652 264 603 
982 21 596 991 655 784 234 466 274 261 726 356 560 158 237 729 995 656 781 593 845 185 730 
983 21 566 180 694 272 835 78 680 925 159 220 935 292 912 614 790 181 164 737 117 68 61 
984 21 207 795 342 222 460 512 925 238 93 525 488 910 881 168 110 43 250 347 197 918 782 
985 21 826 739 256 326 865 878 248 772 589 492 911 87 493 228 409 226 832 955 34 707 685 
986 21 124 277 522 567 728 799 791 500 802 353 151 272 549 116 366 639 969 71 756 389 513 
987 21 572 16 806 454 942 948 680 246 238 723 615 524 345 483 452 855 558 791 943 441 328 
988 21 437 147 176 239 663 375 694 8 835 196 527 884 937 777 905 463 504 595 679 790 21 
989 21 583 626 250 972 432 728 46 36 320 253 521 472 413 90 289 366 434 476 283 884 451 
990 21 49 565 895 546 449 472 196 672 30 319 800 140 365 941 421 275 338 992 852 306 139 
991 21 239 352 260 408 520 256 948 341 774 112 950 982 581 936 802 500 45 153 398 693 498 
992 21 713 144 802 840 639 902 354 347 901 731 805 442 821 612 644 436 990 622 601 772 465 
993 21 640 895 756 262 694 478 141 563 970 620 205 463 621 800 824 308 708 580 20 103 711 
994 21 876 426 537 609 351 48 93 408 912 61 815 891 786 613 836 42 363 580 812 766 109 
995 21 402 982 822 238 921 340 425 814 269 186 192 688 711 198 601 103 430 373 547 705 398 
996 21 165 858 519 728 514 342 645 907 841 933 309 322 653 349 360 323 468 815 202 287 556 
997 21 188 208 95 391 739 313 658 792 510 90 450 434 311 763 468 6 885 747 504 619 621 
998 21 672 832 804 978 874 28 822 554 480 677 825 287 969 113 131 394 509 501 530 436 22 
999 21 878 335 946 312 207 277 220 450 367 866 887 664 433 3 1 873 899 754 734 448 212 
