100 3053
0 64 95 93 64 25 67 88 8 35 52 62 23 27 94 91 89 85 71 7 70 57 86 55 34 60 97 18 22 33 24 41 99 80 43 40 44 98 49 66 2 20 28 79 14 56 74 65 1 10 92 36 72 45 68 54 38 96 12 16 30 31 6 81 5 26 
1 51 2 5 25 88 92 62 60 23 84 90 27 78 94 75 10 63 73 18 40 36 7 0 24 98 50 72 68 58 41 54 15 28 44 46 65 42 51 12 93 59 55 13 66 67 86 16 39 57 31 56 61 
2 59 96 51 12 1 25 67 92 35 34 62 37 66 20 23 84 90 89 63 85 18 7 95 57 0 72 15 11 49 42 13 27 31 55 19 99 46 50 98 64 58 38 8 22 71 54 24 21 44 16 88 80 32 33 74 69 47 26 82 79 
3 53 46 22 25 67 34 62 66 60 20 84 90 27 77 75 19 89 71 18 36 70 86 98 50 68 58 97 53 44 29 80 32 16 59 21 87 74 4 13 6 96 14 7 64 65 9 55 99 39 56 51 81 69 5 
4 53 10 88 34 52 37 60 23 84 27 40 36 7 57 86 50 68 53 65 49 48 12 21 87 74 55 17 6 83 77 3 61 78 58 67 39 8 51 41 44 63 76 30 43 54 94 62 13 93 5 79 81 9 47 
5 51 1 25 88 92 8 35 34 52 37 66 20 84 90 27 94 75 19 89 10 73 71 18 36 70 95 57 98 72 54 15 28 53 44 65 51 30 93 74 4 22 6 9 13 47 96 17 3 61 50 0 82 
6 50 71 25 92 34 52 62 66 23 75 91 19 10 18 40 7 57 86 56 72 68 58 15 96 11 48 39 21 87 4 3 61 60 82 47 35 69 20 45 81 32 64 41 0 79 12 99 80 22 9 5 
7 65 77 83 48 81 25 92 35 34 60 20 23 84 27 94 75 89 18 40 36 12 90 1 28 46 57 76 47 16 59 4 91 78 70 39 61 55 53 10 85 38 13 2 44 86 6 43 19 72 0 66 24 98 56 50 45 68 58 41 49 42 80 32 93 33 3 
8 70 88 34 52 60 95 24 67 42 57 16 70 25 14 89 20 78 43 29 53 76 66 5 71 92 37 63 69 28 47 94 96 35 55 22 21 19 58 23 0 83 13 30 86 98 9 26 62 75 46 65 90 27 77 91 73 18 36 50 41 15 38 44 11 2 51 48 93 87 4 64 
9 50 30 25 8 35 66 90 75 91 19 89 73 85 95 50 58 28 97 44 96 29 39 31 3 99 6 69 14 22 81 34 68 57 18 10 4 40 86 38 98 70 11 65 5 21 42 41 74 47 55 53 
10 68 78 86 56 68 29 4 25 92 34 52 20 23 77 94 91 19 89 54 58 28 85 30 74 93 24 60 13 47 62 5 82 87 32 37 39 51 63 66 84 15 59 48 75 1 73 17 6 31 36 64 7 83 95 0 98 45 53 96 46 49 80 16 21 55 99 69 9 79 
11 57 40 30 99 67 34 52 37 60 23 75 89 18 83 24 98 76 15 53 96 46 56 91 62 29 55 31 25 19 17 33 71 12 6 22 92 65 50 28 36 81 8 72 2 16 49 68 74 42 77 80 39 93 13 69 9 26 82 
12 55 2 61 25 88 35 34 52 66 23 91 18 7 72 76 28 97 53 44 11 65 42 32 51 98 93 14 60 20 64 70 96 69 33 0 80 16 54 83 94 31 22 4 59 13 99 30 56 57 1 48 21 6 81 26 82 
13 55 29 25 67 88 8 35 52 37 60 20 84 27 94 75 10 63 85 71 40 36 7 83 95 57 24 76 28 38 96 46 49 2 51 12 39 59 21 87 17 4 31 16 97 1 11 66 65 43 72 3 61 22 5 26 79 
14 64 20 25 67 88 8 35 34 52 37 23 84 90 91 19 73 71 36 70 83 95 0 98 50 76 28 16 51 56 92 62 29 54 15 79 18 27 85 31 93 97 21 81 66 38 60 77 53 89 82 78 44 46 49 42 80 12 30 39 59 3 61 69 9 47 
15 57 95 32 92 35 62 37 23 84 90 10 63 73 36 70 24 45 76 54 52 80 38 39 29 11 65 79 33 49 44 20 22 81 1 27 5 8 2 6 48 98 42 61 83 28 77 56 69 67 88 97 14 46 59 31 99 26 82 
16 62 98 8 35 52 20 84 90 77 78 89 85 71 18 40 7 83 95 57 56 68 58 97 14 44 46 11 49 2 48 12 30 10 29 59 65 70 36 32 34 74 42 80 50 86 51 25 39 66 0 3 93 21 87 17 13 1 64 99 22 69 82 79 
17 52 65 47 92 52 37 66 84 27 77 10 18 40 70 95 56 54 38 11 93 33 87 55 29 53 73 16 97 90 79 49 50 41 85 20 26 91 21 28 78 4 76 42 74 51 13 48 25 32 31 75 81 5 
18 68 19 67 34 37 60 23 84 78 63 71 28 27 52 8 70 56 7 66 2 41 5 75 88 92 90 35 59 96 57 16 29 11 77 31 32 99 17 76 97 91 12 62 22 33 65 89 30 6 3 1 83 95 86 0 24 45 58 14 53 46 49 48 21 87 81 9 47 82 
19 67 25 18 40 67 92 8 35 34 62 23 90 77 78 94 75 91 43 64 29 89 9 14 59 5 72 10 22 3 99 63 6 52 66 81 42 88 68 73 37 53 85 71 60 69 47 20 55 32 26 82 7 83 95 24 56 45 76 54 97 44 11 65 2 80 33 87 31 
20 68 35 70 98 14 25 67 92 8 52 62 37 66 60 54 89 38 49 22 10 78 85 13 59 63 90 96 5 79 88 81 3 44 33 64 55 73 71 16 48 2 40 94 56 97 75 80 46 83 34 7 84 77 91 19 57 0 24 68 41 76 15 29 51 12 39 17 99 6 
21 54 83 92 8 35 37 60 78 63 95 57 41 28 14 38 96 46 65 42 2 51 39 93 33 73 98 4 3 70 79 64 84 32 30 53 90 56 48 12 10 94 97 13 16 67 50 18 44 6 76 29 55 17 81 9 
22 53 3 25 67 88 92 8 34 37 66 60 20 27 94 91 19 73 18 40 86 0 54 15 53 44 96 11 2 12 61 64 16 89 45 30 51 50 35 57 24 38 47 65 46 95 13 55 80 5 68 81 6 9 26 
23 70 62 25 67 92 8 35 52 37 66 60 97 1 90 18 42 4 0 46 83 24 34 75 58 87 11 73 14 57 76 93 88 36 45 56 95 2 96 81 26 80 10 15 54 6 7 32 85 12 19 65 27 77 78 94 91 89 63 40 70 98 72 41 38 44 29 49 39 61 64 99 
24 59 8 67 35 52 62 23 27 94 89 10 73 71 36 70 83 86 0 28 72 37 53 66 11 1 54 95 33 47 59 56 19 34 15 60 32 29 93 87 20 43 7 82 84 68 13 18 97 90 74 45 38 96 65 2 30 31 64 22 79 
25 69 67 19 89 76 22 6 60 80 0 53 3 33 58 56 2 66 32 72 44 1 91 10 23 36 39 57 20 7 73 51 85 41 54 42 96 81 14 48 62 69 93 9 12 75 95 13 31 79 71 5 8 52 37 84 90 78 63 83 98 28 11 65 16 30 87 74 55 17 64 
26 51 98 88 92 8 37 23 90 27 78 75 91 19 71 70 57 86 50 45 41 54 97 53 44 96 65 49 30 43 74 17 61 64 99 28 22 42 83 11 2 95 15 13 12 63 32 0 51 80 39 38 82 
27 70 92 88 35 52 62 66 60 84 75 17 0 94 78 23 4 45 24 13 93 33 5 57 87 7 70 3 34 86 36 76 64 31 47 46 22 68 74 67 56 28 1 83 30 8 58 37 26 98 50 39 77 91 89 63 18 95 41 54 15 97 14 38 53 29 49 42 2 43 61 79 
28 65 84 88 8 34 66 90 27 78 10 85 18 40 36 7 70 0 24 50 76 54 15 94 52 91 87 51 13 21 9 5 1 29 57 83 45 14 63 25 77 48 12 62 73 37 69 71 59 95 75 74 38 53 11 65 49 42 80 32 93 33 55 17 99 81 26 
29 61 10 13 67 88 8 34 52 62 84 90 77 94 19 89 63 18 40 36 83 95 24 72 68 15 28 14 38 46 33 97 99 65 42 55 23 9 81 39 53 44 27 75 20 49 73 78 92 91 3 85 11 51 16 30 59 21 17 64 69 47 82 
30 58 11 9 67 88 8 52 37 66 27 77 94 91 89 10 85 18 40 70 57 86 98 50 58 76 44 96 48 12 16 46 61 0 83 24 63 79 33 73 14 72 29 39 26 25 5 69 71 65 82 43 93 59 21 74 4 31 64 22 
31 52 58 25 88 35 34 52 62 60 84 27 77 75 10 73 85 18 40 57 86 56 50 45 54 14 53 11 65 2 51 12 59 17 13 42 99 66 95 19 33 0 94 89 91 72 9 63 71 24 30 15 1 79 
32 60 15 25 67 88 35 34 52 62 37 66 60 23 78 94 91 19 89 10 63 18 40 36 57 24 68 41 49 80 98 77 48 71 50 75 73 85 7 64 33 51 70 28 96 92 45 2 53 83 12 3 16 43 21 74 17 99 6 81 26 82 
33 51 36 25 88 92 35 34 52 37 66 20 27 75 63 85 71 18 70 57 86 0 24 98 41 54 15 97 38 53 29 11 80 32 12 30 39 43 93 91 40 96 7 2 81 19 56 17 79 94 21 28 31 
34 70 8 78 63 88 92 58 6 11 89 5 29 10 7 47 12 94 22 4 49 82 32 73 84 41 62 14 28 66 77 33 76 2 75 53 31 80 67 85 71 59 19 57 79 52 36 48 18 43 35 3 37 60 20 23 27 91 86 0 24 98 68 96 46 42 16 39 87 74 61 9 
35 70 88 20 8 51 48 62 5 91 16 39 32 43 12 57 13 19 27 93 82 24 94 2 21 97 41 76 86 0 9 83 50 23 72 44 7 66 77 55 31 98 14 15 84 33 56 47 69 53 75 45 34 37 60 90 78 89 63 73 71 18 40 36 70 96 46 49 87 22 6 79 
36 65 75 44 33 25 88 92 34 60 23 84 27 77 78 94 10 63 40 41 90 48 15 56 4 50 79 68 3 7 71 1 14 24 47 67 91 28 13 57 5 76 29 86 8 35 85 80 59 52 32 45 70 0 98 72 58 54 38 96 11 49 42 16 93 61 81 
37 70 88 94 67 8 62 92 33 69 22 34 39 18 87 17 47 2 13 55 4 54 59 35 11 26 43 82 30 65 52 66 79 32 15 25 60 49 97 21 38 50 95 74 93 23 42 75 40 5 14 20 84 90 27 78 91 19 89 10 63 73 85 86 24 56 45 41 76 28 53 46 
38 61 94 96 67 88 37 66 20 90 75 73 7 70 83 57 86 56 76 54 15 14 52 24 60 53 43 17 33 69 91 59 28 95 21 92 36 8 27 46 98 50 29 77 0 80 48 72 13 78 23 45 42 2 93 74 64 99 22 81 9 26 79 
39 56 58 25 67 88 92 35 62 37 66 27 77 94 10 73 85 7 86 98 76 15 29 49 16 30 61 63 60 71 13 33 6 96 43 68 78 11 41 84 65 80 21 57 14 40 72 20 82 34 23 9 4 1 3 99 69 26 
40 61 19 11 52 37 20 84 78 63 71 6 17 35 68 31 91 41 23 36 13 4 99 72 28 73 49 98 46 42 45 55 7 79 16 29 66 58 1 88 70 80 76 32 30 22 67 54 86 51 93 43 95 0 56 53 96 48 39 33 81 9 47 
41 61 98 42 25 67 92 35 34 62 60 84 89 63 73 85 71 18 40 36 70 0 56 72 45 68 58 95 78 20 93 66 23 37 57 90 74 59 26 97 7 27 99 8 54 69 33 76 50 32 21 1 44 96 65 80 39 17 4 61 6 9 47 
42 59 41 25 8 37 66 23 84 90 75 91 19 85 71 40 70 57 15 29 11 65 49 1 50 34 28 87 89 97 36 14 27 2 64 94 68 38 47 62 21 12 7 77 93 69 99 58 79 51 74 45 48 16 43 59 17 31 81 9 26 
43 56 48 74 88 8 35 34 62 37 84 90 19 85 71 40 7 70 83 0 24 98 56 50 58 76 38 49 30 39 32 82 89 42 57 60 97 72 47 79 94 53 63 61 26 86 27 45 77 93 33 64 87 55 4 13 81 69 
44 56 36 25 88 92 35 62 20 90 75 91 63 71 7 83 0 56 72 45 15 97 53 3 46 47 94 5 12 68 22 26 69 16 82 61 30 59 70 8 55 87 19 81 58 41 9 14 1 23 79 86 29 65 2 21 74 4 
45 65 60 67 88 35 62 23 84 90 27 77 75 91 73 71 40 36 86 24 56 50 72 26 95 37 78 68 97 94 0 7 93 63 58 19 89 41 92 44 55 10 85 76 18 52 31 54 61 15 57 65 28 38 46 42 80 32 51 43 74 64 99 22 6 81 47 
46 55 84 3 88 8 62 60 20 23 27 94 89 40 7 70 83 72 68 97 38 44 56 76 29 77 11 13 90 48 21 15 78 75 1 86 52 10 59 35 58 71 18 14 16 34 91 65 64 37 50 45 2 30 22 81 69 
47 50 17 8 35 34 37 90 27 78 75 19 89 10 63 73 36 7 70 24 98 50 44 42 51 43 93 22 6 81 9 5 29 65 49 69 4 83 96 2 58 87 67 18 14 62 59 41 40 82 45 61 
48 57 7 43 25 67 35 34 52 60 20 84 94 91 10 63 85 71 36 83 95 57 50 72 15 28 38 46 65 32 74 88 62 69 90 8 4 30 49 51 6 18 56 40 81 54 97 42 16 86 73 66 12 59 21 87 17 64 99 
49 57 96 67 34 52 37 66 20 84 90 78 75 73 40 57 0 15 97 29 11 65 85 16 23 4 27 68 26 36 80 7 98 92 18 35 10 2 70 43 63 55 28 42 71 39 14 87 83 58 32 13 48 59 74 17 69 47 79 
50 67 62 69 67 92 35 52 37 60 27 77 91 71 36 70 95 57 86 98 56 28 30 45 48 82 87 1 7 66 9 64 61 47 4 3 8 99 74 63 55 97 65 80 14 26 93 59 72 31 43 89 68 41 76 54 38 53 46 11 42 2 32 16 21 17 22 81 5 
51 60 2 25 67 35 52 66 60 90 78 89 10 40 57 72 76 28 97 14 65 42 32 55 45 79 21 20 31 53 94 5 1 8 87 75 85 93 88 68 29 71 12 84 59 63 64 70 47 13 91 73 48 16 74 17 4 3 61 99 22 26 
52 70 8 62 67 92 34 89 91 60 0 51 30 72 16 17 20 68 4 59 32 86 23 13 24 98 29 90 65 5 48 12 87 61 6 97 56 40 33 49 50 80 31 84 11 14 58 10 82 73 25 27 37 66 77 78 75 19 63 85 71 18 36 70 83 45 76 15 28 38 53 46 
53 62 67 25 88 8 35 34 66 84 77 94 75 19 71 7 70 83 57 24 56 76 54 14 38 31 91 10 5 73 26 18 92 50 52 40 69 95 62 58 27 11 90 33 37 44 3 12 22 28 99 4 96 29 32 51 43 21 87 55 17 61 9 79 
54 58 94 25 88 37 60 20 23 90 91 10 71 40 83 86 24 45 58 41 76 80 17 98 84 56 38 0 64 27 26 96 1 36 57 19 93 28 78 15 5 77 33 75 89 50 22 87 53 99 31 65 14 2 48 12 55 4 61 81 
55 53 87 67 92 8 35 37 66 60 20 84 94 19 40 7 83 86 0 50 45 58 97 44 29 11 49 2 80 51 74 89 21 17 62 25 10 59 28 93 70 73 56 53 4 43 75 96 85 54 71 1 3 22 9 
56 70 10 25 67 35 52 62 20 23 27 77 75 91 89 18 36 83 86 0 24 98 93 90 80 85 95 78 17 40 37 44 71 88 50 68 53 38 72 16 6 19 57 45 79 31 96 43 58 66 41 7 54 15 97 14 46 11 65 48 12 33 21 74 55 1 3 61 64 81 69 82 
57 67 71 25 88 92 8 35 34 62 60 23 27 77 94 91 73 85 18 36 7 83 95 53 79 70 21 6 32 16 75 20 31 26 42 51 49 13 38 81 5 58 48 84 2 4 50 86 82 0 33 30 56 72 45 41 54 28 96 12 39 43 59 87 1 61 99 22 9 
58 62 92 65 39 31 25 8 34 52 60 23 84 90 27 78 94 91 10 63 73 71 40 57 56 72 45 68 85 41 30 61 64 43 82 77 86 18 1 97 16 76 54 98 36 6 7 55 59 70 3 9 53 44 96 46 49 42 2 80 87 74 4 47 
59 53 95 88 92 34 52 37 66 20 19 89 10 63 71 18 36 7 70 83 86 24 50 68 58 41 28 38 44 46 51 12 16 48 77 96 75 15 13 42 31 1 29 49 3 14 73 67 30 57 94 61 55 47 79 
60 68 8 45 25 52 62 37 66 1 27 32 84 55 51 68 35 78 34 57 23 67 58 36 65 48 94 20 31 11 46 82 7 18 75 70 50 41 3 96 4 88 89 76 13 22 69 64 90 54 21 91 77 19 10 63 73 0 24 97 14 38 12 39 43 87 74 99 6 79 
61 52 12 67 52 62 84 77 78 75 89 85 7 98 50 72 45 58 15 44 30 39 43 59 4 34 22 54 71 94 23 27 51 13 70 93 57 83 68 26 63 14 64 1 95 96 56 41 6 53 81 36 5 47 
62 70 52 23 84 71 50 25 67 88 8 35 34 90 2 82 37 92 66 43 27 44 6 95 57 87 85 24 39 60 32 83 15 31 77 78 45 91 29 19 94 86 89 61 20 3 0 75 56 41 1 46 10 63 73 18 70 98 68 76 28 97 14 53 11 42 80 48 55 4 99 47 
63 68 34 97 88 8 66 20 84 90 94 19 89 10 70 60 29 2 1 15 33 48 58 83 27 47 80 95 92 86 25 18 76 62 40 59 71 35 77 41 13 96 36 32 68 23 21 44 87 78 52 37 73 85 98 50 45 28 49 51 30 39 43 93 74 4 31 61 26 82 
64 53 0 67 88 60 20 84 27 78 94 19 89 10 85 71 50 72 58 54 46 65 42 2 80 32 51 12 43 21 3 61 99 45 24 48 93 87 25 81 38 23 8 56 30 16 77 74 96 22 29 26 6 69 82 
65 60 58 17 67 92 8 52 37 66 60 23 84 77 78 94 75 91 18 70 0 98 50 72 45 54 15 46 29 11 74 44 56 68 51 19 4 48 5 49 26 21 31 41 12 64 25 42 24 1 28 76 16 30 39 87 13 3 22 69 9 47 
66 70 67 75 91 25 92 8 35 34 62 37 68 55 80 52 87 22 53 88 60 20 49 28 59 23 76 74 63 97 84 17 9 5 90 32 65 12 3 6 77 81 38 42 30 39 94 27 2 33 78 51 19 89 10 73 85 18 40 7 86 0 24 56 50 41 14 48 16 13 31 1 
67 66 25 88 66 77 53 86 41 90 92 87 61 0 50 30 2 52 79 80 62 49 39 8 48 24 37 29 23 14 74 3 56 65 91 98 64 20 18 83 55 13 32 94 19 11 22 72 51 45 38 93 34 60 27 73 85 40 36 95 68 15 59 21 4 1 69 47 
68 64 10 88 52 66 60 84 90 27 77 78 75 19 63 73 85 40 36 70 83 24 56 72 45 6 92 46 71 20 59 16 94 58 62 41 91 1 50 99 82 3 76 34 80 29 7 32 0 98 67 4 97 44 96 11 65 49 42 51 39 93 61 22 81 9 
69 52 50 25 88 8 35 37 60 77 78 91 19 73 85 70 95 72 41 15 28 97 38 53 44 42 48 12 30 6 56 84 14 9 80 10 96 65 16 87 2 67 46 81 29 3 64 39 99 43 11 49 47 82 
70 67 20 88 92 8 60 27 77 75 63 71 18 40 7 23 35 5 90 78 36 42 84 28 24 69 43 52 33 68 41 53 97 89 83 62 46 14 94 47 50 3 65 0 59 30 15 17 91 80 26 38 57 86 72 58 44 96 49 32 51 12 16 21 55 61 99 81 9 
71 70 62 57 6 25 88 92 8 34 20 77 78 94 19 63 73 85 50 24 3 86 59 0 14 75 13 33 18 16 90 70 35 53 44 5 41 43 72 95 45 54 89 58 93 52 91 26 40 42 64 48 36 83 98 56 68 76 28 46 11 49 2 32 51 30 39 87 74 55 31 61 
72 60 77 25 67 92 35 52 90 78 75 91 19 71 40 7 95 86 24 98 56 50 64 45 48 44 68 82 69 73 46 61 84 58 57 76 36 6 0 65 12 51 23 70 1 2 74 29 41 93 5 80 97 38 96 11 30 39 43 13 31 99 
73 67 78 25 88 34 52 20 23 94 91 19 89 10 83 8 24 15 67 35 31 92 9 57 1 5 68 90 63 85 77 86 39 97 69 14 75 22 71 76 58 41 49 62 38 47 37 45 82 66 60 95 40 72 28 53 96 29 80 32 51 48 30 59 21 87 74 55 17 
74 53 43 67 88 92 37 66 27 10 83 95 0 24 50 72 41 28 11 65 42 48 16 93 87 85 45 30 4 44 99 60 79 73 38 51 5 55 3 32 34 49 84 2 56 58 26 63 90 25 71 80 17 64 9 
75 69 66 36 25 92 8 35 34 62 37 60 20 23 90 27 77 78 94 26 7 82 70 1 99 52 5 53 9 84 3 42 91 49 72 45 31 56 38 33 13 11 47 19 68 6 79 89 88 65 44 61 10 73 85 71 18 83 95 57 54 28 96 46 29 32 51 93 59 55 17 
76 57 25 80 8 35 34 66 60 23 90 27 89 63 73 18 40 36 7 72 45 68 58 41 54 62 84 39 15 37 20 77 30 83 85 13 50 78 28 19 97 14 71 12 52 51 43 94 11 79 38 53 46 65 93 21 17 4 82 
77 70 67 7 72 88 92 35 34 62 66 60 70 29 56 78 45 85 19 83 20 16 75 69 94 36 95 27 23 57 96 65 30 99 31 89 61 50 39 10 87 68 3 84 53 71 17 82 52 8 86 91 63 73 18 58 76 54 15 28 97 14 38 46 11 42 32 43 93 59 4 64 
78 70 34 10 73 92 8 62 66 60 20 90 27 77 85 35 49 68 83 26 65 47 1 16 23 52 84 58 36 28 61 37 71 32 79 94 18 75 81 91 19 25 51 64 89 69 72 87 99 21 40 88 63 7 70 95 98 56 45 41 76 54 97 14 38 96 46 29 39 93 17 4 
79 50 96 25 67 88 34 37 20 84 90 78 75 91 85 40 36 57 0 98 56 76 15 97 14 44 42 51 30 43 33 21 74 17 4 6 81 59 13 93 27 38 31 35 60 16 10 53 83 49 24 2 
80 59 76 87 25 67 88 92 34 52 66 20 23 84 63 40 36 70 95 0 98 56 50 72 68 54 15 97 38 96 11 49 45 55 33 99 73 19 64 58 14 3 7 89 85 2 41 90 10 28 62 32 12 16 39 74 22 6 69 26 82 
81 53 7 25 92 66 20 23 78 91 19 85 95 57 98 15 14 44 29 11 48 33 61 64 99 22 6 18 56 21 12 3 79 45 46 42 36 4 96 40 17 68 70 32 28 38 54 47 50 43 83 0 69 9 82 
82 50 97 92 35 34 52 62 37 60 84 77 75 19 89 10 73 95 57 24 98 50 72 68 58 14 44 30 39 43 93 6 47 69 96 32 26 15 80 5 18 56 81 76 64 29 16 99 2 63 11 12 
83 65 7 21 67 8 35 62 20 23 27 77 78 94 63 73 85 70 55 52 88 75 14 71 74 18 10 87 57 59 92 16 13 29 91 54 38 19 86 48 53 84 24 44 68 46 43 56 11 96 25 90 95 76 15 28 97 49 32 12 30 4 61 81 47 26 79 
84 70 62 90 28 46 92 35 34 52 66 60 29 63 7 37 53 45 31 65 55 1 61 17 27 36 43 97 58 4 5 68 82 94 41 79 49 18 42 98 15 3 25 20 2 64 48 16 40 14 13 80 77 78 75 91 10 70 83 95 57 86 24 72 76 54 51 39 21 74 99 69 
85 66 92 25 88 34 62 20 23 77 78 94 19 89 10 73 2 9 30 67 64 48 90 42 69 31 79 75 99 68 16 37 95 98 66 83 61 39 0 81 91 41 57 63 52 86 28 43 13 93 33 71 36 7 56 45 58 76 97 14 29 49 80 32 51 74 55 17 
86 60 10 67 92 8 35 52 62 90 27 77 94 91 63 73 85 71 40 36 7 83 95 57 39 18 70 30 96 34 84 33 0 3 24 66 98 38 56 26 99 4 50 31 55 37 54 72 22 6 59 45 58 44 46 48 16 43 93 87 1 9 
87 53 80 55 67 52 62 37 66 23 90 27 77 78 89 10 63 83 95 24 50 54 28 44 49 42 51 71 58 86 74 48 43 65 53 8 18 60 17 6 4 57 16 94 25 35 34 13 19 3 97 73 64 69 47 
88 70 67 92 8 35 37 44 73 63 59 77 31 95 36 0 80 12 74 85 22 30 32 38 34 28 70 57 27 97 46 71 5 54 68 64 53 39 45 4 26 43 79 13 62 1 93 33 14 96 29 69 66 60 20 23 90 78 94 75 91 19 89 18 40 83 98 56 15 2 51 48 
89 65 25 92 8 34 52 62 60 20 90 77 78 94 75 91 19 0 98 47 32 61 24 64 87 73 59 41 27 7 96 35 5 23 88 10 30 46 9 76 63 3 56 85 51 11 16 29 82 66 37 2 71 18 70 95 50 45 54 14 42 80 43 55 31 99 22 
90 70 84 67 52 62 66 60 20 23 86 16 9 14 38 51 44 25 15 28 47 76 19 5 79 1 89 49 63 43 88 87 95 42 2 92 3 72 96 75 35 68 45 8 97 26 78 37 54 91 29 58 94 73 85 71 18 36 7 70 83 24 98 56 41 53 46 80 48 21 74 17 
91 70 66 25 67 92 35 52 62 60 90 77 78 94 75 20 0 30 88 45 32 44 22 89 9 34 50 96 54 86 69 72 6 48 73 8 42 56 79 37 81 23 65 14 84 58 27 19 12 10 26 57 85 71 18 40 36 7 70 83 95 68 28 38 53 46 29 11 51 33 17 31 
92 70 88 27 85 58 67 93 77 41 33 91 17 2 99 1 59 78 7 89 65 19 74 70 94 23 36 22 20 80 15 5 86 21 82 98 71 81 84 26 6 50 75 39 34 52 66 55 10 72 44 57 8 62 37 90 63 73 18 83 95 0 45 68 14 38 53 96 29 11 49 32 
93 55 0 25 67 88 92 35 37 23 27 10 85 71 40 24 98 56 50 72 45 41 54 14 42 51 12 43 33 63 94 77 47 17 1 30 68 28 86 36 74 16 8 7 21 82 5 11 38 75 76 78 55 4 61 64 79 
94 70 37 54 38 67 92 8 35 34 62 66 60 20 84 27 77 78 73 23 10 57 30 86 83 88 24 19 46 32 64 90 36 75 91 89 55 39 63 58 85 0 22 53 48 7 13 5 1 65 29 71 70 95 45 68 76 28 44 96 42 51 12 43 93 33 59 21 87 4 31 61 
95 64 8 0 15 59 25 88 62 37 23 90 77 63 73 85 71 10 14 98 92 83 2 17 16 81 57 69 21 9 84 87 67 40 27 48 86 74 29 5 19 78 80 94 18 75 91 72 50 89 13 82 24 56 45 41 28 97 38 53 96 31 61 99 22 26 
96 64 38 49 2 79 25 88 8 60 20 23 90 77 91 89 63 18 83 86 56 54 92 21 10 11 73 72 53 9 0 26 99 13 94 24 30 22 80 35 58 68 95 75 6 40 78 70 57 34 41 36 32 12 39 33 59 55 3 61 64 81 69 5 47 82 
97 59 63 82 88 35 52 37 66 20 23 84 90 73 18 70 0 24 98 50 45 58 41 76 15 3 51 26 68 56 85 27 33 44 62 12 69 78 46 19 49 60 79 77 55 80 83 99 72 9 95 16 14 29 42 48 43 21 87 17 13 
98 61 20 41 16 26 67 92 8 35 52 84 27 89 85 40 95 86 0 30 61 34 36 10 14 78 79 88 5 81 33 25 56 1 80 97 11 47 90 3 71 23 50 63 82 39 93 65 62 43 7 72 68 58 54 15 38 49 2 32 12 21 9 
99 53 11 92 77 78 75 19 85 18 40 86 0 50 68 41 54 97 53 96 29 42 2 80 12 74 31 3 64 95 16 81 26 45 62 23 57 72 70 39 15 89 32 60 20 9 10 28 84 48 51 38 6 69 82 
