100 2500
0 60 66 91 27 82 10 81 61 67 37 51 11 57 99 92 18 71 60 46 83 63 89 95 86 39 34 98 72 64 3 58 21 29 23 87 28 50 69 88 43 41 31 9 55 7 84 36 44 15 77 96 53 38 17 56 70 94 32 74 13 68 
1 58 46 12 53 66 9 71 58 84 80 64 27 25 92 57 76 54 40 68 26 47 8 88 60 17 3 77 74 72 98 75 89 37 86 81 96 15 73 91 99 28 48 20 36 11 61 29 62 38 6 30 4 70 32 49 45 10 2 90 
2 41 61 55 76 39 58 51 80 75 69 12 48 89 23 37 11 34 28 54 96 53 52 95 30 73 13 93 24 82 1 33 26 86 38 70 35 7 94 50 83 16 21 
3 49 44 79 0 71 58 85 41 42 75 35 1 72 48 23 36 83 80 12 14 66 93 30 24 77 92 17 20 53 37 46 86 33 96 45 89 64 39 94 61 50 52 18 38 47 22 70 74 10 21 
4 43 92 31 85 51 63 42 64 75 72 48 57 29 28 15 77 96 99 38 19 65 97 9 41 39 69 27 23 10 37 95 40 1 91 12 17 98 74 82 83 11 94 90 16 
5 55 9 72 36 57 44 66 31 46 55 76 39 7 74 85 99 50 35 10 12 41 93 68 29 91 42 60 64 84 54 83 67 51 52 80 70 65 28 62 94 6 75 33 27 69 37 61 53 18 38 19 14 56 87 40 79 
6 49 19 31 9 71 58 85 5 80 42 33 69 89 78 57 34 44 96 52 18 99 81 13 23 59 86 49 27 67 1 25 41 76 60 36 53 37 83 87 91 45 97 14 30 94 43 68 24 40 16 
7 59 9 28 95 30 66 31 46 55 71 85 78 11 83 39 59 76 61 77 99 35 80 23 98 5 34 0 14 57 84 51 22 47 53 75 89 58 42 91 69 63 41 64 33 36 44 92 18 19 56 86 49 74 8 88 24 2 87 90 40 
8 42 35 24 55 91 67 39 51 1 78 36 37 83 11 54 98 99 53 18 62 22 13 44 12 97 15 63 57 33 89 64 85 27 75 84 88 19 77 7 86 59 26 25 
9 60 31 76 7 5 75 99 82 45 63 41 88 37 6 74 27 1 0 94 24 14 60 84 81 97 78 34 25 73 80 51 50 10 26 96 16 20 61 43 85 58 91 67 42 64 35 69 72 12 36 11 54 98 77 52 62 38 19 4 86 70 
10 41 62 82 0 31 9 55 39 5 80 35 12 78 83 53 52 38 47 17 22 97 30 4 86 43 13 93 15 11 40 48 60 1 27 95 88 54 3 18 87 23 26 
11 52 76 70 21 0 46 55 91 85 7 41 27 69 12 48 81 83 82 98 13 88 97 52 2 50 24 31 72 36 34 1 9 61 56 37 26 53 29 8 15 20 54 96 38 65 22 4 45 43 10 68 93 16 
12 57 1 61 66 46 55 5 84 33 43 51 9 93 65 78 25 95 49 63 41 75 57 18 64 71 87 62 70 11 20 27 13 80 10 69 88 14 30 45 2 77 89 81 29 28 44 54 98 3 96 52 56 4 50 74 8 60 79 
13 42 17 26 39 58 84 80 75 12 48 78 57 11 28 54 92 99 65 6 56 94 73 43 37 10 33 59 87 88 44 35 8 74 81 83 23 98 0 2 24 49 68 90 
14 45 72 94 82 31 46 9 55 91 39 58 7 51 41 69 12 48 20 29 92 3 47 22 54 38 96 5 50 87 57 89 78 30 63 99 6 76 70 37 53 73 49 43 24 60 21 
15 50 91 66 31 55 76 67 39 58 85 84 42 69 1 72 48 89 23 36 11 34 54 71 57 68 32 37 95 22 61 29 81 0 78 33 62 96 83 43 51 4 53 52 50 94 45 10 8 90 40 79 
16 40 18 9 67 39 84 63 41 72 20 28 44 98 52 17 30 56 59 93 24 2 25 88 78 57 82 48 62 65 6 90 21 26 95 89 4 11 53 60 69 38 
17 45 91 13 82 46 55 67 71 58 85 51 41 80 75 35 1 48 78 37 34 3 52 0 42 87 31 22 96 92 10 94 61 40 29 63 23 26 97 16 68 83 19 4 43 24 25 
18 47 66 16 0 31 55 91 39 63 42 12 48 78 81 23 34 29 92 96 3 58 46 44 19 7 49 41 28 45 65 74 70 6 20 8 60 5 90 99 61 80 95 73 32 43 10 26 25 
19 44 71 6 67 58 84 42 33 20 89 81 23 57 37 77 18 62 38 36 78 24 5 64 7 39 4 25 9 51 17 91 83 96 76 21 46 47 49 32 79 94 22 50 8 26 
20 53 55 89 82 9 39 58 63 41 80 75 12 19 44 69 16 73 83 96 64 94 21 59 68 92 27 99 78 14 76 57 60 1 48 87 37 90 65 72 34 93 11 29 98 77 3 18 95 30 70 49 45 25 79 
21 42 11 0 31 46 91 58 85 41 80 42 64 75 69 20 23 57 37 34 92 53 47 19 56 43 68 98 29 88 78 14 95 72 67 3 96 2 83 99 25 35 79 16 
22 43 67 46 71 85 7 84 51 41 80 42 64 33 89 36 57 34 29 15 92 17 37 11 70 61 75 28 72 44 39 14 90 54 3 43 94 59 19 99 8 10 30 24 79 
23 51 39 93 66 0 67 85 7 84 35 72 48 81 2 52 27 3 32 97 54 25 88 24 98 34 83 47 73 21 61 44 70 78 31 51 18 46 15 26 89 19 57 28 77 17 6 4 86 59 13 10 68 
24 43 8 82 31 46 9 80 64 75 35 69 48 23 83 11 34 3 47 19 95 86 13 88 62 16 65 14 17 27 22 41 6 61 42 28 44 7 2 91 26 52 87 25 79 
25 41 49 9 71 39 84 80 42 75 33 1 12 48 78 23 36 61 92 38 47 19 6 56 70 94 59 60 90 91 18 40 35 65 16 8 88 62 24 20 54 17 21 
26 42 13 9 55 76 71 58 41 42 35 27 1 72 48 89 23 36 11 34 44 77 53 52 38 17 65 95 30 70 24 2 99 19 10 80 64 66 94 18 8 57 90 16 
27 59 0 90 66 82 31 9 76 67 71 85 84 51 42 75 54 91 30 77 5 32 97 94 26 47 37 64 72 83 39 29 33 50 11 93 49 69 58 60 1 88 12 20 23 98 92 53 52 38 65 6 95 4 86 70 73 10 8 24 40 
28 50 7 96 66 0 5 84 63 64 69 1 48 78 57 37 61 29 43 44 47 54 85 16 4 93 2 39 98 80 51 58 13 50 41 33 12 23 83 72 95 35 53 18 38 65 22 97 32 59 49 24 
29 50 48 68 66 0 67 39 58 5 27 81 36 57 11 95 37 69 70 83 93 55 12 31 14 71 76 53 61 18 22 84 54 59 20 4 28 49 1 82 97 65 44 15 99 38 17 45 74 60 90 21 
30 45 7 49 76 64 75 27 69 72 12 48 78 54 3 96 99 14 98 93 77 20 26 70 42 36 91 10 94 53 35 33 44 86 6 41 22 66 73 1 16 2 32 59 45 87 79 
31 60 82 46 9 85 42 18 94 62 65 27 97 35 4 86 84 24 52 10 7 41 33 5 98 79 6 38 40 47 21 83 0 64 14 34 55 37 92 48 15 51 67 71 39 58 63 69 89 78 81 23 36 57 11 61 29 44 99 17 95 50 
32 42 56 82 76 91 67 71 63 27 48 89 23 34 15 77 96 62 38 19 0 52 93 30 69 92 1 98 39 99 45 41 78 65 79 28 58 18 42 83 68 70 49 90 
33 55 63 69 66 82 31 76 67 71 39 84 64 75 35 91 58 6 85 19 87 7 12 51 98 78 65 68 22 25 5 55 93 42 47 54 45 79 89 52 97 95 27 72 81 83 28 15 77 3 99 38 30 73 13 8 2 
34 46 51 65 66 0 31 9 55 67 58 7 63 20 81 23 36 57 11 69 2 83 89 73 61 18 32 88 87 22 76 15 91 45 26 6 17 49 71 24 74 21 44 77 97 56 68 60 
35 55 64 74 8 31 91 67 85 7 5 75 9 17 66 99 72 3 84 33 23 46 90 10 59 45 50 24 26 38 53 47 55 36 93 73 51 43 60 87 77 76 69 48 61 28 98 96 65 30 56 70 13 2 25 21 79 
36 48 5 73 66 46 91 67 35 72 89 86 50 29 7 74 64 63 71 83 22 9 1 3 99 75 87 97 92 34 47 15 84 90 31 68 0 55 8 25 26 82 11 61 54 19 6 30 70 79 
37 60 55 0 31 46 9 91 67 71 85 84 51 42 27 1 20 21 2 5 79 47 49 90 61 73 17 28 81 41 65 98 62 8 63 80 76 53 89 19 39 54 11 29 15 77 92 3 52 38 6 22 97 95 14 4 86 50 70 94 45 13 
38 50 98 66 82 31 91 71 51 75 35 89 54 33 4 52 45 29 11 73 84 19 62 46 25 10 9 32 1 0 28 47 77 80 27 26 5 95 59 37 92 3 14 56 70 43 68 88 2 87 79 16 
39 57 71 84 23 82 0 76 91 67 97 95 62 50 64 83 10 5 31 18 61 20 68 15 29 13 90 85 16 88 33 2 87 57 14 56 72 8 73 46 66 25 58 7 41 27 81 37 28 92 3 96 99 19 22 4 32 59 40 
40 40 86 31 76 91 85 51 63 75 69 1 72 48 81 57 83 92 96 47 17 65 95 4 70 10 68 25 6 82 50 67 87 15 73 39 5 7 61 53 27 77 
41 59 46 88 0 31 9 76 85 5 84 63 21 79 73 98 3 67 72 16 52 62 42 11 49 26 17 71 22 7 39 65 55 20 80 95 69 14 75 91 60 45 12 57 37 28 44 54 96 99 53 18 6 30 56 4 86 32 43 24 87 
42 55 31 62 66 46 58 85 7 5 63 41 80 27 92 67 18 6 21 57 9 37 4 53 76 55 19 81 65 22 25 71 73 97 75 52 15 3 83 95 82 26 64 33 72 89 44 77 96 17 30 32 59 45 24 87 79 
43 41 47 66 0 9 71 35 12 78 81 28 15 99 53 52 22 86 17 98 18 73 14 62 51 13 45 74 11 63 88 6 41 57 87 10 50 92 77 68 21 38 60 
44 51 5 3 66 82 55 91 85 51 63 64 48 20 23 83 28 0 58 31 69 7 42 34 54 95 46 26 74 99 84 80 29 59 97 41 60 12 16 6 77 73 18 62 47 65 22 30 86 49 13 8 24 
45 42 94 46 9 76 91 58 85 63 41 35 33 12 78 81 34 61 3 96 18 38 47 6 50 32 83 15 98 99 11 53 80 42 1 66 29 64 20 30 62 37 43 93 
46 60 31 67 41 1 47 82 0 71 7 37 45 36 91 42 87 60 81 58 14 98 17 95 22 86 5 70 80 53 72 11 94 56 21 84 64 12 51 24 57 74 55 76 39 85 63 35 48 89 23 61 44 3 96 99 18 62 38 19 65 97 
47 46 46 97 43 31 55 71 85 7 84 64 35 33 27 69 1 48 89 78 23 36 37 28 98 52 38 95 40 50 57 77 92 45 24 72 25 3 10 21 44 14 19 56 70 73 74 88 
48 49 82 29 54 50 31 75 69 25 40 2 71 72 68 32 47 99 44 13 28 46 18 53 98 14 1 26 3 55 35 4 11 15 62 17 30 24 77 86 23 92 20 78 81 52 56 70 10 60 16 
49 43 30 25 66 82 76 51 63 41 27 12 78 37 34 29 92 52 18 62 19 6 97 56 94 73 59 28 86 95 61 7 14 60 1 91 32 90 44 98 20 54 74 13 93 
50 45 48 66 82 0 9 55 91 71 39 85 5 51 75 35 27 36 11 28 77 92 3 47 95 14 45 97 31 53 74 96 15 84 67 12 37 52 54 19 89 99 59 43 2 90 40 
51 60 82 63 34 59 0 31 46 9 76 67 71 7 5 84 49 2 17 40 27 68 61 44 88 62 55 69 14 4 83 86 38 22 50 37 54 8 94 98 70 73 80 64 75 35 33 12 81 23 57 28 15 99 19 65 97 74 43 93 87 79 
52 48 75 66 31 91 5 63 41 42 33 81 23 11 54 98 92 53 9 59 15 26 10 87 16 3 47 49 12 76 17 69 27 96 85 37 55 64 43 2 6 48 62 38 56 50 32 88 24 79 
53 48 1 46 55 76 91 71 58 85 7 42 35 48 37 11 29 54 3 99 69 27 98 74 28 63 83 8 5 0 52 26 10 2 21 67 15 41 61 77 84 43 6 97 14 30 50 45 40 16 
54 52 48 82 91 71 5 51 63 33 27 69 1 23 37 83 29 28 44 98 8 84 94 9 60 72 41 15 53 13 30 77 12 36 96 70 56 38 11 2 52 80 62 22 97 95 14 50 73 59 49 10 93 25 
55 60 82 20 37 66 31 77 0 46 7 78 12 61 81 18 10 53 15 79 34 14 68 8 5 17 99 93 88 83 73 26 2 47 89 64 50 44 86 69 92 11 76 91 67 71 58 85 84 51 63 41 80 42 35 33 48 36 57 29 52 62 
56 40 99 32 46 76 39 63 80 64 72 81 11 54 95 67 90 12 74 89 7 52 58 16 57 34 35 85 47 38 41 94 78 0 25 13 49 21 59 48 87 5 
57 56 5 82 0 46 67 39 7 42 69 1 12 20 78 51 6 29 13 21 97 31 76 55 95 58 93 4 63 71 84 23 85 62 40 19 70 34 22 41 28 86 83 61 15 92 99 47 14 56 73 59 74 43 68 8 26 16 
58 60 82 80 66 0 46 9 71 42 39 14 61 31 3 62 55 19 99 88 79 53 20 89 15 21 78 2 75 64 13 17 34 76 26 1 74 29 45 72 6 60 7 33 27 69 57 83 28 44 77 96 18 97 95 56 70 94 73 32 59 68 
59 44 51 66 82 91 67 71 7 35 69 20 29 44 99 52 62 38 6 22 56 73 28 50 57 16 60 42 39 63 25 85 30 49 70 93 72 87 81 23 54 58 13 8 88 79 
60 41 86 82 0 46 9 76 71 58 85 5 63 41 35 27 1 72 20 78 44 54 18 6 95 59 49 74 10 65 48 25 14 34 12 43 88 99 89 67 29 90 16 
61 57 12 2 82 0 9 55 76 91 67 71 39 58 7 51 80 69 89 78 81 23 37 83 11 34 62 86 57 85 84 35 5 25 31 46 93 36 45 1 28 63 29 15 77 92 3 53 18 17 22 97 49 74 68 88 24 90 40 
62 48 42 10 31 91 67 39 58 5 84 51 41 12 48 78 57 37 61 15 77 96 52 76 85 19 72 87 46 90 32 71 9 49 55 44 68 69 8 59 1 54 38 94 45 74 43 24 25 16 
63 58 51 33 66 0 9 76 67 85 7 84 87 56 16 31 89 72 28 54 32 4 20 42 41 80 49 70 82 46 44 60 86 18 71 34 40 52 45 75 55 96 64 12 78 81 36 57 37 61 99 53 17 65 14 59 43 68 8 79 
64 56 84 35 78 66 0 31 46 55 39 58 5 80 67 63 30 85 69 1 72 33 51 89 7 88 24 75 44 9 71 47 22 76 56 87 42 28 98 4 21 83 27 12 20 81 36 77 92 3 52 19 65 73 45 8 26 79 
65 48 34 66 31 76 91 67 5 84 41 42 75 33 72 12 20 89 37 29 18 51 85 71 40 63 98 68 44 13 64 26 28 81 83 46 27 4 78 35 97 11 86 94 73 32 24 60 25 16 
66 48 82 0 18 38 99 27 68 76 72 50 70 5 80 59 7 58 43 55 34 71 69 42 63 49 1 73 23 12 29 33 15 28 64 36 52 94 65 90 81 44 91 39 35 3 30 45 26 79 
67 57 46 22 0 91 31 16 9 71 36 17 34 61 39 37 55 57 27 19 23 51 82 32 89 80 8 96 63 77 29 94 62 98 78 33 59 88 35 74 15 65 5 84 41 42 64 69 92 99 53 6 95 56 50 60 40 21 79 
68 41 29 66 55 39 5 51 75 33 1 72 48 20 36 15 62 17 65 32 43 76 95 84 63 58 89 40 34 57 81 74 21 6 38 83 11 86 23 0 13 61 87 
69 56 33 66 0 55 76 7 51 41 80 64 27 11 47 40 9 59 61 6 54 28 48 73 58 91 14 35 79 24 67 57 15 77 5 75 2 31 96 30 71 21 12 20 34 29 44 98 53 52 62 97 4 94 32 93 90 16 
70 44 11 66 82 46 85 5 51 63 12 23 57 29 54 92 18 22 14 30 36 25 40 58 1 48 38 77 93 0 20 27 37 3 83 26 94 88 84 35 9 47 32 59 74 2 
71 60 82 39 83 19 66 0 46 76 91 67 61 26 53 31 43 38 60 17 50 1 59 27 55 58 54 87 51 6 90 85 25 3 47 33 32 37 22 96 86 7 63 41 80 42 64 75 69 12 48 78 36 57 34 29 98 15 77 99 62 65 
72 58 5 14 66 82 0 46 76 39 58 85 84 63 41 80 64 35 27 1 56 15 60 42 88 16 75 23 36 65 40 33 3 83 81 9 26 30 68 87 90 4 48 20 89 78 11 28 54 98 77 96 62 47 22 86 59 74 93 21 
73 44 36 66 82 9 55 39 51 41 80 42 75 35 69 1 20 23 37 34 44 38 14 30 86 88 64 54 47 49 57 89 18 58 2 95 65 33 13 85 27 59 43 93 40 79 
74 45 35 82 46 9 67 58 85 5 1 78 81 36 34 44 77 92 53 18 56 4 50 7 72 0 3 57 86 61 47 70 51 96 84 62 49 99 60 12 90 29 43 13 68 93 79 
75 51 9 52 82 58 7 63 41 42 64 88 21 13 79 5 3 17 90 48 24 4 98 35 68 2 71 38 78 85 30 25 20 50 51 73 40 65 33 80 84 27 69 1 72 12 89 81 36 77 92 22 8 
76 60 9 11 98 66 82 85 45 78 15 2 63 53 26 30 77 39 99 89 27 95 88 65 55 49 60 40 56 92 72 61 33 69 5 46 32 91 51 71 83 41 58 7 84 80 42 64 35 1 20 57 37 34 29 52 62 19 6 14 86 68 
77 53 91 55 76 67 7 84 80 35 27 69 1 12 48 44 54 71 61 58 9 42 37 50 64 75 78 0 32 34 26 19 4 74 20 23 33 72 86 89 62 98 3 53 38 47 97 95 30 70 43 8 88 90 40 
78 56 64 9 55 76 67 58 7 75 33 12 20 89 92 61 74 90 48 28 8 49 47 91 45 31 63 10 30 62 93 6 43 60 57 17 72 13 25 18 84 71 81 23 83 15 77 99 19 65 95 14 56 86 32 88 21 16 
79 40 3 31 55 58 85 84 41 75 33 69 37 83 19 94 32 98 51 73 15 64 66 91 24 74 20 89 21 42 67 22 5 52 59 38 35 30 36 93 63 12 
80 56 58 81 66 46 9 91 67 85 7 5 84 63 41 51 88 1 24 2 89 77 42 13 76 72 55 98 71 25 17 56 64 69 20 73 10 6 21 92 61 22 75 12 37 28 44 54 3 96 18 38 97 94 45 93 26 87 
81 49 80 66 0 46 9 55 42 1 72 89 51 40 19 64 83 61 97 56 11 96 31 82 39 78 52 43 63 33 34 18 29 75 98 45 23 12 85 74 93 48 37 15 65 6 95 94 59 13 68 
82 54 66 31 55 71 58 51 48 95 17 38 83 60 50 46 70 20 44 10 39 14 9 24 54 89 33 73 94 0 59 32 49 97 72 76 74 75 57 27 61 92 67 63 42 81 36 11 29 98 96 4 88 2 40 16 
83 60 71 92 82 0 31 55 76 91 39 7 5 51 42 64 27 72 20 89 81 23 36 93 44 85 79 61 57 40 78 3 54 87 10 11 24 58 96 8 98 33 34 29 28 15 53 17 19 65 6 97 4 70 94 32 45 13 68 2 90 21 
84 60 39 64 31 46 9 91 7 5 22 96 72 79 63 13 86 25 80 0 51 76 37 62 41 47 55 93 33 15 1 12 19 23 77 88 16 87 28 27 67 65 75 35 78 36 57 61 29 44 54 98 99 53 38 97 50 70 94 74 68 8 
85 60 31 9 76 71 39 98 47 60 3 63 15 7 35 23 6 45 80 21 74 41 72 4 87 46 99 53 44 17 40 27 90 37 55 50 91 79 42 22 11 70 5 64 75 33 81 57 83 61 28 96 52 62 65 97 56 73 59 8 93 88 
86 46 92 60 40 0 31 46 55 71 84 51 63 1 48 89 36 57 61 98 77 3 6 97 30 96 7 9 10 37 41 65 23 90 24 72 76 27 73 44 43 78 94 49 74 68 8 2 
87 42 97 0 46 71 39 85 84 63 64 35 33 72 12 20 36 83 34 99 52 62 17 6 14 56 59 43 13 10 68 51 41 24 7 5 92 80 38 91 42 30 90 40 
88 44 41 0 9 55 76 67 39 58 84 51 80 64 75 27 1 72 12 23 11 34 98 70 73 43 13 10 8 93 59 24 61 77 47 85 96 52 82 38 7 78 60 25 21 16 
89 56 20 82 0 55 76 91 67 58 7 63 80 64 33 1 6 83 15 65 42 98 26 47 96 22 93 31 61 86 99 75 32 36 2 78 72 81 19 38 12 46 23 37 34 77 92 3 14 56 50 94 73 68 8 60 79 16 
90 41 27 66 71 39 85 75 35 72 20 78 36 37 96 18 62 22 56 86 49 74 60 98 61 29 26 1 87 32 50 93 95 7 83 15 25 13 4 69 77 97 16 
91 60 0 15 77 17 46 76 66 39 35 61 45 50 53 8 55 89 9 44 40 71 32 93 62 54 37 83 11 84 95 18 80 21 65 36 67 52 99 38 14 59 85 7 5 41 33 27 69 1 78 34 92 19 6 30 4 49 24 87 25 79 
92 48 83 4 86 82 0 31 55 76 80 42 1 48 20 78 36 57 39 74 64 49 96 27 70 22 13 25 52 18 14 89 61 50 67 37 7 75 91 40 99 21 3 38 47 17 95 32 43 87 
93 42 23 55 91 5 84 35 33 27 12 20 89 78 81 57 83 61 29 28 3 30 70 32 59 10 72 94 73 54 95 69 2 11 51 88 49 16 74 85 80 45 90 79 
94 43 14 45 66 82 31 46 9 67 5 51 27 20 54 3 17 19 22 95 30 56 70 89 80 15 0 25 79 37 84 4 86 65 62 69 6 81 83 58 49 13 93 2 26 
95 49 7 82 0 46 76 91 39 41 42 33 12 57 29 28 44 15 38 47 20 18 27 40 2 24 54 77 56 58 31 94 96 50 60 26 98 81 78 67 92 37 4 73 49 10 68 93 90 21 16 
96 50 28 9 67 71 84 63 69 1 20 89 81 83 54 15 92 3 6 18 40 35 46 82 80 32 12 11 72 30 39 41 42 58 45 0 97 4 62 2 90 85 52 17 19 95 14 86 50 74 88 21 
97 43 47 87 82 31 9 39 42 33 27 81 23 36 57 11 29 44 96 17 65 77 46 28 4 80 37 34 58 54 6 84 86 61 49 10 83 51 85 69 53 98 50 8 90 
98 55 76 38 0 31 46 67 85 7 51 41 80 64 75 33 1 48 89 81 23 37 83 11 28 54 52 86 71 8 35 69 88 16 27 72 84 82 20 47 12 9 77 53 65 97 95 30 4 32 49 45 43 13 90 21 79 
99 51 9 56 66 0 55 76 91 58 85 7 5 35 1 48 20 89 36 44 92 4 59 43 78 67 33 71 30 13 31 87 57 46 84 51 8 39 29 53 63 41 18 6 22 14 50 32 45 74 26 60 21 
