100 3636
0 62 30 58 59 3 23 49 18 98 79 64 36 43 95 89 75 55 85 54 41 93 91 19 60 38 71 87 61 90 84 34 5 24 92 83 77 40 33 14 86 50 26 21 66 6 99 29 7 57 65 70 78 22 2 94 13 72 25 37 12 11 1 35 
1 61 27 58 70 16 59 23 22 74 18 82 98 8 79 64 43 95 73 45 91 60 6 87 29 31 84 97 12 69 5 88 72 81 14 86 48 9 40 39 62 52 49 11 0 61 33 56 19 42 15 94 50 90 44 30 36 89 13 34 7 35 20 
2 71 13 24 7 70 16 99 3 23 17 22 74 49 82 39 43 67 75 45 41 93 19 60 71 87 56 29 31 61 62 37 46 15 10 11 78 38 69 84 33 90 30 25 21 40 91 88 66 44 34 72 76 14 35 28 18 47 86 92 26 95 4 53 97 32 12 81 50 0 48 9 20 
3 80 70 17 22 66 58 16 99 59 54 74 23 95 98 81 68 49 18 42 86 30 96 51 52 6 77 34 0 55 15 27 5 2 11 40 7 4 13 82 24 69 65 37 20 88 53 63 10 45 56 33 84 39 31 8 79 14 41 80 64 46 36 43 67 75 85 91 25 38 26 71 87 21 90 62 76 32 47 72 50 48 
4 72 96 70 99 3 17 22 49 98 39 42 65 64 46 45 68 54 93 13 91 25 26 71 87 61 90 28 6 86 33 18 82 74 38 43 8 79 29 50 36 15 21 32 80 52 95 56 69 57 67 31 62 7 89 75 12 16 24 73 2 53 84 94 34 47 5 83 63 72 14 48 44 20 
5 67 28 58 70 16 59 3 22 18 96 82 98 79 36 45 68 11 91 19 10 21 57 53 94 34 69 47 83 60 41 73 76 99 93 23 4 26 97 38 17 86 42 1 89 25 0 75 78 43 63 24 62 31 49 55 90 32 35 13 39 85 7 37 92 77 40 14 9 
6 76 54 62 51 53 58 99 59 3 17 74 82 8 79 80 65 46 67 89 73 45 55 11 93 52 25 26 60 76 10 88 48 64 96 40 36 75 70 71 1 29 49 20 84 28 37 41 38 44 98 87 21 24 7 81 35 9 43 19 18 97 56 61 90 66 4 57 78 32 12 94 69 92 83 14 50 0 
7 70 2 58 70 16 3 17 22 74 96 82 39 42 79 80 46 36 95 89 30 27 52 19 60 38 26 6 21 56 29 61 90 76 28 4 57 51 97 12 47 10 11 78 53 43 55 31 62 66 37 88 5 65 8 64 48 13 24 93 69 75 92 83 77 63 33 14 0 9 1 35 
8 80 99 11 47 58 16 3 23 17 49 18 96 98 39 42 22 32 62 70 79 74 82 44 95 80 65 59 73 54 45 6 64 1 46 57 91 41 15 52 97 36 43 33 67 71 31 55 89 75 40 14 12 48 63 9 29 61 87 77 86 68 85 30 93 10 60 25 26 21 56 90 76 28 4 78 84 51 53 94 7 37 
9 60 42 58 16 99 59 17 74 18 96 98 8 79 80 46 36 75 68 13 19 10 25 6 31 90 78 12 15 69 47 24 37 72 48 44 92 5 76 32 1 84 35 88 21 81 20 60 86 23 77 7 71 63 87 34 56 66 54 11 2 55 
10 80 70 59 3 17 22 74 96 82 39 42 79 64 46 36 43 73 55 54 41 30 27 11 93 52 19 49 72 95 81 68 63 65 25 47 9 61 71 8 60 80 67 21 16 5 13 56 98 75 91 35 23 89 24 20 37 18 45 85 38 26 6 87 29 31 90 62 2 66 76 28 57 78 51 53 32 69 7 92 83 77 
11 80 8 71 72 16 99 59 3 23 22 96 98 39 79 65 89 75 73 45 55 85 68 54 41 30 27 56 93 13 80 91 17 52 19 29 10 81 77 78 60 36 43 82 31 40 50 28 42 90 25 95 74 38 5 49 26 18 64 46 6 87 21 62 2 76 57 84 53 32 12 94 69 47 7 83 63 88 0 48 9 1 
12 69 52 58 70 49 96 82 39 8 65 64 36 95 67 73 55 85 54 30 60 25 21 56 29 61 4 84 51 53 97 32 77 7 23 98 38 16 2 42 87 92 79 94 45 6 9 68 24 1 80 34 27 99 66 31 46 50 37 41 13 11 15 69 83 88 81 33 0 44 35 
13 80 36 2 99 59 3 23 49 82 42 65 89 75 73 55 68 41 30 27 11 93 70 92 28 33 25 17 32 64 62 66 91 86 21 60 56 16 40 78 98 54 4 29 85 22 84 67 9 52 74 94 38 18 96 39 48 31 57 51 95 46 19 10 26 71 87 90 76 12 15 69 5 24 7 77 81 50 0 44 1 35 
14 60 58 99 3 17 22 18 82 98 8 80 75 73 45 85 68 30 93 19 60 25 26 71 56 29 61 90 2 76 28 51 97 34 69 47 24 81 33 96 65 86 5 66 50 4 1 0 62 87 57 7 16 54 31 32 95 70 94 6 63 15 
15 67 70 92 58 16 3 23 22 74 49 82 39 42 8 64 36 43 95 75 73 27 93 38 26 87 21 56 62 2 4 51 53 94 90 61 19 83 66 34 67 76 91 29 13 20 72 65 97 57 32 48 44 46 77 28 31 41 12 96 69 9 37 40 14 86 50 1 35 
16 80 58 99 18 65 87 47 8 77 27 46 70 30 68 35 98 21 96 23 86 81 7 33 36 44 5 40 38 20 51 2 11 76 41 52 54 88 79 71 97 17 34 43 9 22 64 28 49 72 53 59 15 3 19 1 48 95 55 91 80 56 82 42 67 45 13 10 25 26 62 66 4 57 78 84 32 12 69 37 63 14 
17 80 3 98 30 58 16 99 59 23 46 40 82 67 44 31 25 9 24 95 32 39 22 38 42 8 2 53 36 6 92 62 91 75 56 54 60 73 78 89 84 72 4 7 51 49 41 96 66 57 33 45 37 10 55 26 90 81 97 83 14 20 74 18 79 80 65 64 43 85 27 11 13 71 87 21 47 5 77 63 88 86 
18 80 16 82 65 85 58 99 59 3 23 22 74 49 75 72 81 78 17 93 92 27 73 20 80 64 86 62 71 96 98 39 33 46 84 51 63 50 21 19 42 56 53 60 8 9 68 0 76 14 55 44 5 79 25 1 54 48 36 83 35 43 67 45 30 11 13 91 52 10 38 6 87 61 90 2 66 4 57 97 94 34 
19 76 73 58 70 16 99 59 22 18 82 46 95 67 89 75 55 68 41 30 27 11 93 91 52 13 90 9 28 97 48 42 45 44 7 0 57 37 98 86 47 62 64 80 33 78 31 23 54 21 10 56 88 14 92 40 5 60 83 25 2 69 38 26 6 29 66 76 84 53 32 34 15 24 77 72 50 1 
20 60 27 58 16 99 59 3 17 22 74 49 18 82 98 79 80 65 46 67 75 85 54 93 52 10 60 25 26 6 87 84 51 97 94 34 15 47 37 92 88 33 86 48 44 9 35 23 1 30 39 29 2 4 28 71 31 38 36 21 90 53 
21 77 71 32 58 70 16 99 23 74 18 96 82 39 79 65 67 89 85 41 27 13 91 19 10 60 6 87 90 26 11 98 50 55 47 80 5 45 49 84 24 17 15 3 75 64 31 12 48 42 34 62 51 7 94 73 37 8 68 30 46 36 29 61 2 66 76 28 4 78 69 77 63 81 86 0 44 9 20 
22 80 3 67 58 70 16 59 23 17 33 45 7 19 57 47 36 55 99 14 97 79 65 41 75 74 20 11 32 91 80 49 63 25 35 52 88 39 15 69 84 4 18 1 62 64 5 54 96 73 43 94 38 10 2 89 82 66 78 95 98 77 42 8 46 30 27 13 60 56 61 76 28 51 34 83 40 72 81 86 50 0 
23 79 59 74 89 27 57 81 58 70 16 3 60 71 80 54 88 35 1 75 76 73 99 92 17 22 65 45 72 39 49 86 18 55 96 62 33 64 82 36 85 15 77 95 67 98 2 42 21 8 11 79 30 13 48 44 0 78 43 68 83 63 46 93 91 52 19 10 25 56 31 28 84 12 34 47 5 37 40 9 20 
24 65 2 58 70 3 17 96 82 98 79 95 67 89 75 73 68 52 10 6 21 29 90 28 4 57 53 97 12 94 47 5 62 32 85 14 34 88 30 41 54 13 45 60 27 25 83 55 78 19 38 26 65 0 9 43 64 87 81 42 37 48 7 92 40 63 33 
25 76 64 84 83 58 99 59 17 22 18 82 39 42 67 55 85 30 11 93 13 52 19 10 60 96 98 66 32 26 76 41 6 91 40 48 37 74 12 97 4 70 8 38 28 49 79 68 94 16 71 9 14 20 3 33 80 34 23 54 65 57 87 56 29 61 90 2 78 53 69 5 24 92 77 63 50 0 
26 76 70 58 99 59 17 49 96 80 64 46 36 43 95 67 55 30 27 11 93 91 52 10 60 25 38 89 29 13 20 15 50 61 19 37 34 75 14 31 57 42 69 8 16 28 71 66 87 92 51 85 4 7 3 90 82 73 6 65 79 41 21 56 2 76 78 84 53 97 32 5 24 40 88 72 81 0 
27 80 23 52 1 20 16 99 59 3 74 18 96 39 65 64 36 43 95 89 75 73 45 55 85 68 54 41 30 11 46 58 91 90 78 76 67 79 35 26 31 70 93 13 21 81 17 80 19 22 7 49 37 84 34 82 48 29 98 42 10 15 60 38 71 87 62 28 57 51 53 32 12 94 69 47 24 83 77 40 63 88 
28 71 38 5 70 16 99 98 39 80 64 36 75 85 68 41 11 13 91 52 19 60 25 26 6 71 87 61 90 2 66 62 42 55 76 65 53 30 4 59 8 24 95 22 97 57 21 27 14 81 33 93 56 46 7 72 29 43 32 10 67 23 84 94 15 47 92 83 63 86 50 48 20 
29 79 70 34 99 49 82 98 8 79 80 65 46 95 45 55 85 68 54 41 30 27 11 13 60 26 6 71 87 14 25 31 81 7 1 2 64 12 59 78 39 91 24 40 93 90 52 21 36 74 19 61 43 67 42 10 53 89 47 38 75 73 62 66 76 28 4 51 94 15 69 37 92 77 63 86 50 0 48 44 20 
30 79 17 0 70 16 99 59 3 23 74 49 82 98 42 79 80 65 64 36 95 89 75 73 45 55 85 68 54 41 67 38 27 25 96 77 39 46 84 22 40 94 11 26 93 8 31 18 13 43 19 58 91 47 12 52 51 7 10 92 14 29 60 21 61 62 2 28 57 78 53 97 32 24 63 88 81 50 44 1 20 
31 78 74 58 3 17 49 96 98 8 79 80 65 64 46 36 43 67 75 73 55 85 68 54 30 27 11 93 13 19 38 26 87 21 29 44 59 70 10 42 94 39 95 91 45 2 53 89 48 41 1 35 9 23 52 56 92 61 78 60 34 86 90 62 66 76 4 51 97 12 15 69 5 7 37 40 81 14 50 20 
32 71 21 70 99 17 22 74 82 42 8 46 36 95 89 75 73 45 55 85 68 54 41 13 25 62 28 4 57 51 53 97 64 83 30 12 44 26 94 87 67 16 80 6 27 11 3 93 59 92 48 52 86 88 39 79 91 19 98 71 2 10 15 47 5 24 40 63 72 33 14 9 35 
33 61 60 58 16 59 3 23 17 22 74 49 18 98 8 79 80 67 89 45 85 54 13 19 25 71 61 62 2 76 28 4 84 34 37 24 52 32 12 73 14 57 81 48 70 69 91 96 66 7 55 87 0 90 68 86 64 41 20 78 38 99 1 
34 68 29 16 99 59 3 49 82 98 65 64 36 89 55 85 41 27 25 26 71 21 31 2 66 84 51 53 12 94 92 56 46 97 80 43 69 35 61 0 33 40 68 96 22 50 95 75 4 58 79 18 14 20 86 23 52 5 47 57 19 83 15 24 37 77 88 72 9 1 
35 60 72 70 16 99 23 22 18 82 42 79 65 64 43 89 75 73 85 54 27 93 91 52 10 6 87 31 2 66 78 51 53 94 34 5 63 86 50 44 9 1 7 13 45 20 62 92 32 71 0 55 58 97 84 61 48 12 15 88 59 81 
36 79 42 13 58 70 16 59 23 17 22 49 18 96 82 98 39 8 79 80 65 64 46 10 31 91 28 15 12 7 0 43 92 95 67 27 89 26 94 63 54 34 41 68 74 62 90 75 73 88 61 45 32 99 55 5 52 72 3 85 30 9 11 38 6 71 87 21 56 29 76 4 84 97 47 83 77 86 44 1 20 
37 66 51 58 70 99 3 17 74 96 39 42 79 64 95 75 54 41 27 93 19 10 25 38 26 6 21 56 90 2 76 57 84 12 94 24 7 71 53 8 20 69 60 15 40 16 46 97 87 62 72 33 59 9 61 23 34 92 5 29 31 66 83 77 88 50 0 48 
38 75 74 87 28 94 40 58 70 16 99 59 17 22 49 96 82 39 80 65 46 43 67 55 68 30 11 93 13 91 52 10 60 25 64 53 31 90 98 81 78 63 62 75 19 15 36 3 88 27 54 18 26 7 61 37 45 42 95 0 83 89 6 71 56 29 2 66 76 4 57 12 69 5 24 33 20 
39 77 59 42 90 99 3 23 17 22 74 49 18 96 82 98 21 83 76 8 79 62 80 65 46 64 45 54 50 48 43 36 40 60 28 11 2 92 7 66 4 95 78 67 56 89 10 57 44 75 73 70 55 37 15 27 25 85 12 93 87 38 41 30 13 29 31 84 51 97 32 69 5 63 88 72 81 1 20 
40 63 38 70 16 99 3 17 74 96 39 8 79 65 64 46 43 67 89 75 73 55 41 30 11 13 91 19 25 6 29 90 2 76 57 51 34 69 37 83 77 23 31 45 26 85 54 27 93 0 59 47 32 52 63 66 60 5 24 15 22 88 72 86 1 
41 80 49 58 70 16 59 3 17 22 82 98 42 8 80 65 36 43 95 67 89 75 73 45 55 85 68 54 32 30 87 27 37 64 46 78 21 39 61 77 81 57 29 40 28 90 11 62 93 13 2 63 79 0 91 52 34 19 74 10 60 66 25 26 6 71 31 76 84 53 97 12 94 15 5 24 92 83 88 33 50 44 
42 80 39 36 78 9 99 59 3 23 17 49 18 96 82 98 76 72 10 15 95 22 74 61 8 79 80 85 93 46 60 30 7 91 48 25 44 65 67 64 35 94 89 43 4 75 53 47 73 57 16 50 97 45 58 41 37 55 32 68 13 84 54 27 11 19 38 26 71 21 56 29 31 90 66 28 51 12 5 24 81 1 
43 80 82 58 70 16 99 59 23 22 74 49 18 96 98 39 42 8 79 80 65 64 46 36 47 35 62 26 72 69 1 95 67 77 40 38 89 48 2 75 31 83 73 45 76 54 55 27 57 3 85 51 68 50 78 10 52 15 0 41 17 91 30 11 93 60 6 71 87 29 61 28 4 84 97 94 34 5 24 7 92 63 
44 61 49 58 16 99 23 17 18 96 82 98 39 42 8 79 46 95 73 45 55 85 68 54 19 60 6 87 56 31 2 57 97 32 15 83 63 81 86 72 92 61 13 41 36 4 88 71 89 12 21 78 30 84 50 35 9 94 53 29 62 20 1 
45 73 46 60 58 70 59 3 23 17 22 49 82 98 39 42 8 79 80 65 64 36 43 95 67 89 75 73 5 96 56 78 76 16 72 18 55 74 85 1 68 62 81 2 87 54 41 30 61 14 33 4 44 27 6 32 94 97 29 71 11 66 91 52 19 10 38 21 31 12 69 24 40 63 35 
46 80 96 45 58 70 16 99 59 3 17 74 49 18 82 98 39 42 8 79 80 65 64 95 4 52 23 48 40 36 20 19 32 44 84 51 7 43 53 10 71 67 31 61 29 75 77 89 54 26 6 38 63 73 55 22 97 47 9 87 88 60 85 68 41 30 27 11 13 21 56 90 2 66 28 57 12 94 34 15 37 83 
47 63 8 70 16 99 22 96 42 79 46 43 89 75 85 30 91 19 10 71 21 29 61 2 57 53 94 34 69 65 62 66 4 90 76 14 64 20 28 24 88 11 7 27 49 58 59 3 93 73 32 9 36 95 78 84 23 17 68 82 97 5 92 83 40 
48 61 79 58 16 99 59 23 18 98 39 42 8 46 43 95 67 68 54 27 13 19 25 6 87 21 56 31 61 90 62 66 84 97 32 15 24 7 92 72 33 86 81 64 2 11 73 20 28 76 9 4 83 60 29 57 50 78 37 51 3 1 35 
49 77 99 41 44 70 16 59 3 23 17 22 74 90 93 79 57 12 15 87 31 91 29 4 18 0 38 96 98 82 26 39 62 33 63 42 20 8 68 81 80 45 13 52 72 55 2 65 61 88 64 46 67 36 95 30 66 94 58 34 85 43 89 75 73 54 27 11 10 25 6 21 76 78 84 51 47 5 1 
50 63 71 58 99 59 18 98 39 42 43 89 85 54 11 93 52 26 87 21 56 61 4 78 51 12 34 69 83 14 86 90 97 94 76 84 29 30 3 2 13 65 63 19 22 68 60 15 57 53 35 72 28 41 31 91 62 66 37 0 25 6 48 44 1 
51 61 6 37 58 70 16 3 17 74 18 96 82 79 46 43 95 67 30 13 26 21 61 90 57 78 84 53 10 7 92 12 83 31 35 8 98 40 50 29 20 99 27 77 94 72 97 85 14 32 39 88 59 42 80 34 15 63 73 22 76 49 48 
52 73 27 12 58 70 16 59 3 22 74 49 82 8 79 65 64 46 36 43 95 89 73 55 54 41 30 11 93 13 91 77 24 35 67 18 25 99 96 20 28 57 80 23 53 69 10 60 45 19 7 50 38 78 97 26 85 84 92 56 75 6 71 29 31 90 62 76 4 32 34 40 88 33 1 
53 69 6 58 70 16 3 17 74 18 42 46 95 67 89 75 85 68 54 52 38 29 31 61 90 62 28 4 57 51 5 91 76 15 2 34 66 60 73 78 10 84 41 8 26 35 25 27 97 32 64 12 94 30 55 11 79 69 19 47 24 80 7 37 92 83 63 88 50 44 20 
54 75 98 6 16 59 3 23 17 22 74 18 82 39 8 80 64 46 36 43 95 67 89 75 73 45 55 85 68 31 92 11 53 4 62 61 79 50 41 30 48 86 37 27 90 32 44 35 99 33 52 12 10 49 96 0 83 20 29 77 42 81 93 13 19 60 25 38 66 57 97 94 24 40 88 14 9 
55 75 74 77 16 59 3 23 17 22 49 18 96 98 39 42 8 80 65 64 46 36 43 95 67 89 75 73 45 79 25 66 56 61 54 82 68 85 27 86 12 6 44 38 32 41 29 30 11 93 13 40 91 52 31 19 10 60 34 0 94 26 71 21 76 28 78 53 97 5 24 7 72 81 33 9 35 
56 73 65 16 99 3 17 74 18 96 98 39 79 80 67 89 73 45 55 85 11 13 52 19 10 87 38 59 70 69 15 7 23 77 60 83 25 12 93 64 86 48 50 63 76 8 44 37 26 46 22 75 68 72 42 14 62 82 6 2 81 36 31 61 90 66 28 4 57 78 84 94 34 9 1 
57 71 23 70 17 22 49 82 98 39 42 8 65 64 43 75 73 41 93 13 91 52 19 25 26 71 61 90 28 4 77 74 5 92 68 10 44 60 54 53 79 83 86 47 46 16 40 6 80 18 56 51 27 24 38 96 30 32 37 7 11 78 84 97 94 34 15 72 33 14 50 0 48 
58 77 70 16 59 96 95 68 14 25 86 77 46 45 36 73 5 24 72 85 43 92 31 26 20 48 88 81 37 38 6 91 0 87 33 83 62 1 8 50 19 66 15 84 52 71 21 12 7 41 3 99 53 18 23 51 17 44 22 63 9 74 49 82 42 80 65 67 89 30 27 93 60 90 78 34 69 47 35 
59 80 58 23 39 91 97 70 16 99 13 20 62 11 92 9 52 43 71 55 79 3 25 63 17 76 54 75 1 18 41 5 67 72 86 22 30 74 50 46 83 68 34 19 36 49 33 42 45 0 38 26 10 48 27 6 96 65 89 82 85 98 8 80 87 56 29 31 61 90 66 28 84 51 32 69 47 37 77 40 88 35 
60 76 45 33 70 23 17 18 96 39 42 46 67 55 41 11 93 13 52 19 10 21 82 84 87 91 98 2 14 85 90 62 22 76 66 54 58 8 26 92 1 25 38 12 43 27 99 68 44 69 74 0 7 65 28 30 79 89 86 29 61 20 6 71 56 31 57 78 53 5 24 37 77 40 72 50 48 9 
61 73 80 99 74 49 96 42 8 46 36 95 75 45 55 54 41 93 10 60 38 26 87 29 31 25 82 66 51 2 57 53 59 85 50 12 21 92 56 4 6 65 18 89 97 22 64 47 14 43 98 48 86 7 84 68 67 30 71 0 33 28 90 76 78 94 34 15 69 37 63 81 44 1 35 
62 77 6 58 70 99 59 23 17 22 74 49 18 98 39 8 79 65 64 36 43 95 75 73 45 68 54 41 93 13 19 60 38 87 21 56 91 3 30 16 33 92 32 31 10 71 48 27 80 96 88 85 2 78 82 29 97 67 11 53 15 52 66 28 4 69 47 5 24 7 37 77 72 81 14 50 44 1 35 
63 63 84 58 70 59 3 23 22 74 49 18 96 98 8 79 65 64 46 36 67 89 73 41 10 38 87 56 66 78 51 5 92 40 88 76 16 30 35 17 44 28 45 43 29 72 4 39 21 53 61 95 81 24 91 90 7 27 32 11 97 25 14 50 9 
64 80 96 25 70 16 99 3 23 22 49 18 98 39 42 8 79 80 65 71 12 72 74 94 95 85 30 84 31 46 0 82 67 36 43 55 52 90 17 62 76 10 34 1 40 87 26 89 83 35 28 75 27 73 45 4 68 57 37 54 63 15 41 11 13 19 38 6 21 56 29 61 78 53 97 32 47 24 7 77 33 48 
65 80 18 56 70 16 59 3 23 22 49 96 98 39 42 8 79 80 12 64 11 46 78 20 85 6 82 4 41 29 38 36 93 27 62 58 63 94 43 91 95 40 69 17 31 67 89 74 34 83 75 57 21 13 73 30 52 45 87 55 68 35 10 60 25 26 71 61 90 66 76 28 84 97 15 47 24 7 72 14 50 0 
66 75 3 58 70 17 22 74 49 82 98 39 95 45 55 85 68 41 93 13 91 60 25 26 71 87 61 2 62 46 21 29 76 42 16 72 54 86 19 80 81 38 90 67 63 18 65 28 6 89 99 35 77 96 94 75 10 34 59 31 48 56 78 53 12 15 69 47 7 37 92 40 33 14 50 0 9 
67 80 22 70 99 59 23 17 49 96 98 39 42 8 79 80 65 64 46 36 43 95 60 38 73 87 85 89 12 21 75 45 88 63 2 81 18 83 74 92 58 16 26 3 25 31 48 82 33 51 77 53 55 24 68 6 40 20 54 56 41 19 30 27 93 13 91 52 10 71 29 61 62 66 28 4 78 84 97 32 94 15 
68 74 58 88 70 16 59 3 23 74 49 18 42 8 80 65 64 36 43 95 67 89 75 73 45 55 85 79 28 53 97 66 84 93 82 54 32 41 29 92 5 76 99 62 71 30 78 11 46 14 27 48 19 13 31 96 91 44 24 9 4 38 10 60 25 21 56 61 57 12 94 34 47 81 33 50 
69 63 75 70 3 22 96 82 80 65 43 89 73 93 91 52 19 60 26 56 2 4 53 97 94 34 15 16 47 27 86 21 40 66 6 1 12 99 11 71 10 13 76 92 58 87 29 45 25 50 59 9 38 84 14 31 61 39 83 90 62 5 7 37 33 
70 80 58 3 79 10 26 29 76 15 89 7 90 78 28 51 4 45 2 62 52 63 69 30 88 36 22 57 66 84 80 67 47 65 60 37 53 23 64 38 49 1 24 46 97 93 72 5 43 35 68 32 41 74 21 95 40 12 81 19 92 59 16 99 96 98 39 8 85 27 13 91 25 6 56 31 83 77 33 14 86 0 
71 70 11 21 50 58 16 99 59 23 18 96 8 79 80 64 46 95 45 68 10 25 26 6 92 3 27 60 72 76 67 93 28 36 0 94 43 66 88 29 38 55 87 2 83 17 33 82 52 13 4 65 41 97 81 42 34 47 57 78 14 86 61 90 62 32 69 37 44 9 35 20 
72 63 11 86 35 58 70 16 99 59 23 17 74 49 18 96 98 42 79 80 64 36 43 89 75 45 91 10 71 56 90 2 66 28 51 15 37 77 63 76 62 3 26 32 48 65 4 22 57 95 78 19 34 1 60 93 9 84 55 39 40 73 50 0 44 
73 72 89 19 58 99 23 17 22 18 82 39 42 8 80 65 64 46 36 43 95 67 75 45 40 15 24 97 62 54 74 55 13 32 81 6 1 12 35 85 68 98 69 57 41 14 77 91 63 49 30 27 94 96 31 56 11 93 52 44 10 88 26 87 21 29 4 51 53 47 5 72 33 48 
74 80 23 80 55 93 38 31 58 70 59 3 22 43 63 83 15 7 51 91 56 52 49 97 1 17 89 79 37 76 94 18 30 10 96 85 61 88 68 39 87 90 53 72 54 82 32 62 77 81 20 33 40 2 66 92 78 27 6 9 21 46 98 42 8 65 64 36 95 67 75 73 45 41 11 13 60 25 29 4 57 84 
75 80 82 69 59 23 17 22 18 96 39 42 8 80 65 64 46 36 43 95 67 89 74 73 72 24 31 45 49 37 98 55 85 68 3 54 40 61 93 41 79 76 62 90 47 30 9 32 35 57 2 19 53 28 27 11 0 15 13 20 91 14 52 10 38 26 6 87 21 56 29 66 4 78 97 34 5 7 83 77 88 81 
76 75 70 16 99 59 23 74 18 96 82 98 39 42 64 43 75 45 85 68 27 91 60 25 6 71 56 2 66 22 31 80 49 52 3 29 11 36 13 40 7 8 97 19 93 37 33 79 92 10 21 38 65 83 14 41 77 26 55 88 61 87 28 51 53 94 15 69 47 5 63 72 81 86 50 48 9 
77 61 55 58 16 99 3 23 22 74 96 8 80 46 43 95 67 89 73 54 41 30 11 91 52 56 66 76 57 51 12 15 83 19 5 27 97 93 72 37 90 34 64 40 7 13 10 86 84 60 25 59 62 0 78 21 88 29 17 70 36 75 9 
78 72 42 70 23 17 22 74 18 82 98 39 79 80 65 43 45 68 41 27 11 13 91 52 19 38 71 29 31 62 2 57 10 51 60 67 49 50 84 25 96 55 89 61 66 58 8 26 6 75 35 16 87 30 85 63 21 64 90 95 9 56 53 47 5 24 7 77 72 33 86 0 48 44 
79 80 70 48 16 99 59 3 23 22 74 49 18 96 98 39 42 8 40 56 45 71 80 43 63 10 78 17 6 47 44 67 7 82 65 21 51 9 52 11 81 37 88 1 72 30 24 92 97 64 33 29 84 31 5 46 35 0 62 20 36 95 89 75 55 68 54 41 27 93 91 60 25 26 90 76 4 57 53 32 12 34 
80 80 74 61 70 16 99 3 23 22 49 18 96 82 98 39 42 8 79 95 56 17 72 65 69 92 20 78 64 45 87 46 36 81 38 26 43 28 85 67 7 88 33 68 30 54 14 41 89 9 75 73 31 58 55 83 77 97 6 29 59 71 27 11 93 52 19 10 25 21 90 62 66 76 4 57 51 53 32 12 94 34 
81 64 23 58 70 16 3 17 74 49 18 96 79 80 67 89 73 45 85 54 41 27 11 10 38 6 71 87 56 29 66 28 94 24 83 63 21 31 88 55 68 75 26 22 86 62 39 99 30 61 14 44 12 1 93 2 13 42 76 90 91 92 33 48 9 35 
82 80 18 43 75 59 3 23 17 22 74 49 96 73 99 57 98 58 45 66 10 86 14 83 2 16 76 25 21 34 95 39 41 7 51 1 29 93 78 32 46 91 15 42 97 5 80 54 24 6 38 69 13 30 90 20 52 12 35 19 44 36 8 79 65 64 67 55 85 68 27 11 60 26 71 87 56 61 62 4 84 47 
83 61 25 58 99 59 23 17 74 18 82 39 80 65 64 43 67 89 54 93 91 19 38 71 56 76 57 84 51 32 34 15 69 5 24 22 94 12 28 47 77 40 50 27 7 6 75 53 11 88 4 81 46 87 36 37 97 10 70 44 41 0 48 
84 70 25 63 58 70 3 17 22 18 42 79 64 46 95 68 30 27 13 91 52 60 6 21 61 2 78 93 33 82 11 39 36 37 92 65 0 4 20 16 43 99 49 57 26 19 28 59 83 1 41 67 48 56 89 8 23 34 74 51 87 12 53 69 47 77 72 86 50 44 9 35 
85 73 18 58 59 23 74 49 98 39 42 80 65 64 36 43 95 67 89 75 73 45 55 17 68 54 50 33 66 47 41 3 70 30 20 25 35 32 21 96 27 12 94 82 91 29 53 92 14 34 31 11 44 93 0 46 56 88 76 8 28 81 13 52 10 60 26 61 62 78 51 97 5 24 40 
86 61 72 58 16 99 59 3 23 18 82 98 8 95 55 54 93 13 19 60 71 87 56 31 61 2 66 4 57 32 94 34 69 5 77 88 81 33 14 15 36 92 21 29 0 1 78 90 28 35 50 20 48 40 70 76 84 97 17 22 44 89 9 
87 76 38 58 16 99 74 49 96 39 8 80 65 64 46 67 89 45 41 11 93 60 26 6 71 21 56 18 10 15 63 61 66 86 59 50 13 82 75 48 29 91 27 44 35 17 73 36 25 1 0 43 2 3 4 20 31 98 28 90 81 62 76 78 84 97 32 12 94 69 24 37 92 83 88 33 14 9 
88 64 68 58 70 16 3 23 22 74 49 96 98 79 80 46 36 67 73 85 91 19 38 6 71 90 62 2 76 51 32 47 24 7 92 83 77 40 63 37 75 54 1 95 26 86 52 99 41 30 34 27 11 20 87 12 53 17 59 97 39 89 81 44 9 35 
89 77 23 73 70 99 59 17 22 74 96 98 39 42 8 80 65 64 46 36 43 95 67 85 81 75 19 47 93 24 77 94 7 41 45 55 83 69 68 33 79 50 54 40 49 58 35 56 63 6 32 72 87 30 34 13 52 27 53 11 0 21 10 60 38 26 29 31 61 66 4 78 84 97 5 88 86 44 1 
90 76 39 70 99 17 74 49 82 64 36 95 75 54 41 27 11 93 91 19 60 38 26 87 21 29 18 10 48 59 51 25 13 46 96 88 0 79 98 28 24 72 14 53 42 58 4 56 7 37 52 3 8 40 6 31 71 80 9 61 65 57 2 66 78 15 69 47 5 92 77 63 81 33 86 50 1 20 
91 77 59 58 16 99 17 22 74 49 82 42 8 65 36 43 75 73 55 85 68 41 30 27 11 93 13 69 76 57 45 23 79 83 19 92 38 47 1 70 66 3 84 72 21 90 52 5 18 26 77 28 0 88 95 96 98 35 40 67 4 78 10 60 25 87 29 31 62 2 53 97 32 94 15 63 81 33 50 
92 65 15 58 70 99 59 23 17 74 18 96 39 79 80 36 67 85 68 54 30 93 13 91 52 19 60 26 71 31 61 62 2 76 57 84 51 32 12 34 69 37 87 0 6 53 90 66 88 10 48 63 29 24 28 25 7 47 20 43 5 41 81 86 44 9 35 
93 75 74 70 99 49 18 96 82 39 42 65 89 75 73 55 85 68 41 30 27 11 87 50 79 52 20 4 54 13 37 43 90 61 91 98 19 92 69 31 10 57 83 0 62 8 6 60 80 2 26 35 25 58 86 66 38 14 15 95 67 23 71 56 29 76 28 84 32 94 47 5 7 77 40 72 81 
94 66 38 22 74 49 42 65 64 36 95 89 73 45 55 85 30 13 25 71 21 31 66 51 53 97 32 12 61 43 8 76 41 28 4 86 69 18 34 81 47 20 11 15 68 98 67 46 80 57 37 27 5 24 29 56 54 6 93 87 91 35 83 14 50 0 44 1 
95 78 58 70 16 99 3 23 17 22 49 96 82 98 39 42 8 79 80 65 64 46 36 43 48 67 89 24 75 52 73 12 45 37 74 85 86 51 55 29 61 77 62 7 71 68 54 84 32 53 0 41 26 44 90 19 66 30 94 15 27 1 11 93 13 91 10 38 31 2 28 4 78 97 34 47 63 88 72 14 
96 80 58 64 46 4 16 59 3 23 17 22 74 49 18 11 55 93 61 26 47 38 70 65 98 82 81 39 42 27 9 21 71 40 63 60 8 44 10 79 24 88 51 80 7 72 87 76 37 36 43 31 95 67 69 12 89 75 77 5 56 92 73 45 85 68 54 30 13 91 52 25 6 90 62 66 57 78 34 15 33 14 
97 72 59 70 16 17 22 74 82 98 42 8 79 80 46 73 45 68 52 19 25 6 71 61 62 76 28 51 53 65 43 14 32 48 26 39 64 99 31 7 41 12 95 55 36 2 1 94 24 57 91 18 44 69 67 87 89 20 75 54 85 30 34 15 47 5 37 83 77 63 88 86 50 35 
98 80 17 54 16 59 3 23 22 49 18 96 82 74 45 70 34 89 39 42 50 55 72 63 8 33 31 41 66 14 79 76 30 88 99 36 44 56 28 78 80 62 4 95 57 86 24 0 97 11 65 64 46 48 20 5 85 29 43 9 1 67 75 73 27 93 13 91 19 10 60 25 38 6 87 21 61 90 51 32 12 94 
99 80 16 49 8 58 21 90 4 72 87 9 95 64 20 38 92 43 32 47 83 19 11 50 73 62 48 61 2 14 56 59 18 30 35 77 93 71 86 3 13 44 29 39 42 6 28 26 34 40 67 17 37 79 70 76 89 25 80 27 91 46 23 22 82 98 36 68 54 52 60 66 84 51 97 12 69 5 88 81 33 0 
