100 2041
0 41 25 20 56 81 57 31 29 55 14 36 13 95 6 8 63 2 72 16 3 91 94 83 53 68 28 65 62 43 59 49 19 4 37 35 71 42 61 97 87 15 34 
1 40 8 45 56 85 44 77 31 29 96 48 23 89 25 14 7 86 92 52 38 82 40 78 91 39 68 15 67 58 21 13 95 32 27 65 79 98 36 50 90 12 
2 41 78 56 81 84 33 48 55 25 0 60 86 92 40 74 93 43 20 80 18 50 69 72 49 19 32 16 22 95 17 42 75 35 12 39 87 94 5 51 68 67 53 
3 41 66 38 41 99 39 45 73 81 57 76 97 48 7 0 20 58 9 65 72 93 46 94 60 51 18 34 92 68 32 49 80 35 23 71 86 22 25 61 11 4 52 
4 41 97 56 73 66 85 31 29 89 7 0 60 3 86 52 38 83 40 74 41 43 91 99 80 22 21 42 95 32 27 65 64 69 62 98 46 18 30 51 79 6 8 
5 41 99 66 76 96 55 89 25 7 38 83 40 74 43 80 2 68 26 21 13 42 63 32 69 62 8 28 16 90 49 61 30 51 36 17 88 79 75 72 50 11 98 
6 40 9 45 84 29 97 96 25 0 38 82 40 41 43 78 20 39 80 87 22 53 19 26 58 63 94 32 65 69 62 4 79 72 30 70 50 90 75 61 11 46 
7 41 55 9 74 45 10 81 85 31 84 29 14 53 38 5 49 51 62 90 30 32 47 3 86 12 92 40 71 52 34 46 83 95 42 39 1 69 36 82 4 41 93 
8 41 92 1 73 81 44 31 55 14 0 34 9 86 52 38 82 43 78 80 87 67 58 63 94 32 65 64 62 18 79 88 59 12 98 4 5 17 27 47 70 11 30 
9 41 7 83 70 6 56 10 77 84 33 97 25 60 3 34 37 92 14 91 43 68 86 8 36 13 99 78 69 28 50 74 41 38 20 90 30 17 71 52 18 32 82 
10 41 45 57 34 82 78 56 73 48 95 81 28 14 66 94 61 39 71 53 59 40 91 96 20 93 63 23 87 72 7 76 92 32 85 47 55 9 43 89 80 54 24 
11 32 79 81 76 96 55 89 3 41 93 20 99 15 54 32 27 64 69 62 8 59 35 5 98 90 75 61 46 12 51 88 49 6 
12 41 90 56 44 77 31 84 33 29 97 7 60 34 86 38 82 78 80 2 68 19 15 26 54 58 37 13 95 65 79 8 28 16 70 50 17 71 36 1 88 75 11 
13 41 67 45 56 81 85 44 57 33 29 97 55 25 0 9 43 91 20 99 80 87 54 21 37 75 49 16 5 90 12 62 65 69 26 27 47 72 22 71 30 1 42 
14 41 77 42 18 98 10 73 66 84 97 23 25 82 92 79 30 63 36 28 71 40 91 0 67 50 48 88 8 72 41 75 59 74 87 34 80 55 7 89 20 1 9 
15 41 68 24 57 84 33 48 23 89 0 92 38 41 93 43 22 53 69 75 26 54 98 21 11 1 12 88 64 67 42 71 72 62 46 17 37 70 51 61 19 28 58 
16 41 62 33 29 97 96 23 55 25 0 52 38 74 41 78 99 2 87 68 21 13 42 63 27 69 59 35 30 47 71 5 18 90 51 88 75 98 46 17 12 70 50 
17 40 25 45 24 77 31 76 33 29 97 48 23 89 34 9 40 41 78 99 2 87 68 22 19 15 63 95 94 65 64 18 8 28 35 47 16 5 98 90 12 88 
18 41 14 73 85 77 33 97 89 60 3 9 86 38 74 93 20 99 80 2 87 68 19 67 21 42 63 95 27 65 64 69 4 79 17 36 8 30 59 28 47 72 16 
19 41 96 85 44 57 31 33 29 48 23 0 60 92 52 38 41 93 78 2 87 68 22 53 64 88 28 59 37 12 26 67 6 90 36 30 49 75 17 18 72 58 15 
20 41 0 56 10 85 24 84 97 48 23 25 14 3 9 86 92 38 83 93 91 13 90 94 18 50 58 61 11 46 69 21 26 2 40 37 87 67 6 51 39 62 80 
21 41 33 44 77 31 84 29 23 55 25 34 52 83 74 93 43 91 20 68 22 15 54 67 58 50 1 13 37 47 16 75 27 18 70 32 49 65 36 5 46 4 63 
22 41 44 56 73 24 57 96 25 60 3 86 40 74 93 99 80 2 68 53 19 70 72 4 15 47 50 88 32 26 54 30 75 6 67 95 51 36 58 21 37 17 13 
23 41 84 10 66 44 24 57 33 29 96 48 95 20 75 98 71 86 25 68 50 55 70 17 89 74 92 19 1 88 93 21 79 52 63 14 94 15 42 16 61 34 3 
24 41 45 95 69 56 73 81 85 44 23 91 83 58 63 39 94 40 36 50 22 78 10 61 75 64 17 66 38 74 77 20 71 28 62 15 76 57 49 72 31 47 29 
25 41 96 0 17 73 81 44 57 31 33 23 89 26 21 2 9 6 91 87 32 40 74 13 1 20 59 72 5 67 80 16 14 92 65 61 60 34 22 68 53 38 3 
26 41 85 45 56 81 57 31 76 84 33 29 97 89 25 92 82 74 41 43 20 39 87 68 22 53 19 15 54 72 5 67 79 94 88 98 70 95 42 6 12 37 13 
27 41 82 45 66 85 77 57 33 29 97 55 89 92 38 83 41 91 99 87 68 21 13 42 94 11 18 90 95 88 4 98 32 62 1 72 46 28 63 79 65 16 8 
28 41 91 49 10 73 81 24 31 76 84 33 97 14 0 60 34 9 52 83 82 41 93 43 78 99 53 19 15 58 94 32 27 64 18 79 72 12 42 71 17 5 35 
29 41 66 73 85 77 76 33 88 59 62 1 27 0 52 39 61 12 65 21 98 13 4 38 26 71 46 75 64 60 6 16 82 47 17 24 23 19 40 51 83 7 96 
30 41 58 73 81 85 57 76 97 89 14 7 60 34 9 52 83 74 41 99 39 22 53 19 67 13 42 63 32 65 4 18 79 72 51 8 46 47 6 49 61 16 5 
31 41 81 92 91 58 88 45 85 24 77 62 71 47 17 26 86 25 0 99 72 4 36 68 12 54 1 7 56 8 55 28 95 57 21 39 94 59 48 80 34 19 76 
32 41 86 45 10 73 66 76 84 25 7 60 3 9 83 74 41 93 78 39 2 87 68 22 53 54 58 21 42 94 4 1 64 59 30 88 6 11 28 5 8 98 27 
33 41 73 86 40 21 85 44 77 78 79 53 74 19 9 64 68 16 27 80 23 63 28 55 29 76 69 2 99 15 60 52 84 12 17 89 13 25 54 37 18 26 48 
34 41 10 46 66 85 44 31 76 84 48 23 55 25 14 7 60 3 0 17 8 59 58 74 42 72 83 90 28 79 39 52 98 70 30 9 93 82 12 35 38 21 40 
35 41 67 73 81 85 76 84 97 96 55 89 0 60 3 34 38 83 82 93 78 91 99 39 2 53 54 37 64 79 72 70 98 17 28 47 88 59 16 75 61 11 90 
36 41 85 45 44 24 77 31 97 96 55 89 14 7 0 9 86 92 40 43 39 87 22 53 19 54 67 21 37 42 62 18 5 70 49 75 50 71 61 90 46 1 12 
37 41 41 94 45 56 85 44 77 33 0 60 9 92 52 38 43 91 20 80 22 53 19 15 26 54 67 21 12 58 65 36 78 35 13 46 47 75 88 79 50 69 63 
38 41 3 81 66 24 29 96 25 7 34 9 92 27 4 15 65 50 20 90 12 71 1 35 19 41 64 5 86 99 37 18 52 79 6 95 87 49 16 8 83 67 82 
39 41 3 64 45 56 10 81 44 24 57 31 76 84 29 97 7 34 86 82 40 93 78 20 91 99 47 90 1 6 32 88 95 58 36 54 30 35 67 80 26 42 2 
40 41 33 10 44 24 77 57 76 29 96 48 25 14 7 86 87 1 6 91 74 80 90 41 68 22 83 71 34 69 75 62 39 2 42 88 36 5 17 98 53 4 20 
41 41 3 37 73 66 44 84 48 55 89 14 7 60 9 52 38 40 74 16 94 87 11 51 70 6 27 26 30 4 98 49 50 72 93 19 47 15 17 54 28 32 43 
42 41 14 59 56 44 77 76 23 89 7 0 34 40 93 43 78 99 39 2 15 26 54 58 67 27 30 95 63 13 65 47 16 62 88 36 32 64 69 4 18 5 28 
43 41 56 10 66 77 84 55 0 9 92 83 82 74 93 61 5 71 98 49 63 8 15 42 41 37 53 2 70 26 67 36 91 54 62 4 28 64 21 13 6 78 99 
44 41 85 84 22 45 56 53 97 90 23 33 13 76 98 25 58 77 8 36 64 42 67 96 65 21 87 37 12 63 69 1 71 91 40 39 41 78 19 24 34 62 57 
45 41 56 10 81 66 24 89 93 53 96 6 79 94 48 1 73 78 39 32 85 44 3 31 75 17 83 36 64 52 77 37 54 26 55 13 27 72 67 91 82 7 57 
46 41 34 81 66 76 84 29 96 55 89 7 3 86 83 74 93 20 68 53 15 54 21 37 63 95 27 69 62 4 79 30 16 98 36 50 90 75 11 61 51 6 49 
47 41 57 10 73 85 24 77 31 29 89 7 92 52 82 41 78 39 87 68 22 53 54 58 21 37 13 42 63 94 69 62 18 8 35 30 50 16 17 71 61 98 70 
48 41 81 51 45 10 73 66 57 31 76 97 96 91 20 33 82 74 78 61 99 92 85 23 15 41 1 34 83 2 64 70 19 94 17 87 88 54 40 55 3 72 14 
49 40 28 56 66 24 97 96 7 0 60 3 92 52 38 83 82 41 93 43 78 99 2 53 19 21 13 63 95 65 64 59 30 5 98 70 36 90 75 11 51 46 
50 41 70 24 97 96 23 89 14 60 9 86 52 38 83 41 93 20 2 87 68 22 21 37 65 64 69 62 79 47 5 98 36 75 90 46 12 16 6 71 51 1 61 
51 39 48 56 81 85 76 84 29 96 55 7 60 3 82 41 20 99 2 22 53 15 58 63 64 69 62 4 79 59 30 16 5 98 70 50 90 75 11 46 49 
52 41 89 45 81 77 57 33 29 96 23 7 60 34 9 86 92 30 19 93 68 8 65 50 95 3 1 16 21 75 4 64 98 37 87 61 41 49 28 62 47 71 38 
53 41 45 56 10 44 57 33 97 25 7 0 86 92 40 74 43 78 99 80 87 22 46 19 47 95 30 2 36 51 70 6 15 37 79 54 26 28 49 35 32 88 67 
54 41 86 45 10 73 81 57 31 33 97 96 48 92 82 41 43 39 80 22 53 15 26 68 67 58 35 37 21 12 13 59 71 36 42 63 11 47 95 70 46 32 65 
55 41 56 7 61 45 10 73 81 85 57 31 76 33 97 96 48 23 51 11 67 80 35 36 13 43 8 2 99 21 41 71 82 75 16 0 5 89 27 46 59 34 14 
56 41 45 73 55 43 87 78 13 12 57 22 91 53 2 44 24 49 83 4 75 60 66 9 80 1 88 85 39 99 0 58 42 26 94 81 20 71 51 10 72 37 31 
57 41 10 60 47 56 73 66 85 24 77 23 96 86 53 30 48 39 19 70 45 55 27 59 40 89 3 0 22 90 82 54 97 52 25 67 15 26 58 44 61 13 31 
58 41 31 30 56 81 85 44 24 77 57 84 89 60 3 34 86 91 20 39 80 22 19 54 67 21 1 42 12 8 51 32 6 70 15 65 47 94 69 90 88 28 37 
59 41 42 10 73 81 66 57 31 84 29 55 25 14 0 60 34 92 83 74 78 87 19 54 67 63 94 32 64 69 62 18 79 8 61 51 49 16 65 75 11 72 35 
60 41 57 56 81 33 29 97 25 2 93 9 37 98 69 32 86 59 12 50 62 94 35 58 22 72 4 88 67 49 52 83 28 18 41 19 34 51 30 82 99 79 3 
61 41 55 10 24 57 76 29 48 23 89 25 0 3 52 83 82 74 43 20 99 80 87 68 15 63 65 64 59 72 35 30 47 5 98 36 90 88 75 50 6 11 46 
62 41 94 16 66 85 44 24 31 29 97 7 0 60 86 52 40 43 91 20 99 80 68 15 67 13 42 27 65 69 11 46 8 50 51 47 59 5 36 98 64 6 4 
63 41 89 10 81 66 44 24 77 76 33 23 14 0 74 93 43 78 54 42 47 16 98 61 5 51 71 72 8 59 18 21 79 70 94 17 6 49 95 30 46 37 27 
64 41 39 45 66 44 24 77 76 84 33 29 48 89 52 38 43 91 99 80 19 15 42 32 65 61 4 59 35 69 49 94 18 72 79 17 8 70 51 50 11 28 62 
65 41 76 44 29 25 0 3 52 38 74 93 99 58 21 37 13 42 94 27 12 64 71 6 54 49 69 62 72 70 88 30 50 4 90 1 17 75 18 79 8 61 59 
66 41 45 29 3 56 10 81 64 97 80 73 59 87 85 46 43 62 63 48 71 96 93 38 32 77 14 5 70 78 41 83 4 99 49 23 57 86 34 95 82 27 24 
67 41 86 13 35 45 73 85 44 57 84 97 55 25 14 60 92 38 83 43 20 99 39 80 2 68 22 19 15 26 54 18 8 1 58 21 36 37 53 62 59 30 42 
68 41 82 15 73 77 31 33 96 23 25 0 3 9 52 40 78 80 2 67 26 32 50 12 62 71 19 17 18 46 22 27 69 21 47 72 16 1 61 87 5 98 54 
69 41 24 81 85 44 76 33 97 96 7 60 9 83 82 40 20 2 68 15 58 37 13 42 65 64 70 16 62 4 59 51 90 47 72 50 11 6 75 46 5 18 79 
70 41 9 50 81 66 57 76 84 48 23 89 34 92 83 41 43 22 53 15 26 54 58 21 63 95 65 64 69 8 72 35 16 98 47 71 51 12 36 49 6 90 75 
71 40 92 56 10 66 44 24 77 31 29 23 55 14 7 0 3 9 86 52 38 82 40 43 78 80 68 15 54 13 63 95 65 28 47 16 98 70 36 50 90 12 
72 41 84 45 56 10 73 24 31 76 96 48 25 14 0 60 3 34 86 83 41 2 68 22 19 15 26 13 63 27 65 64 69 18 79 59 28 35 61 70 6 30 5 
73 41 56 85 76 33 97 79 45 10 8 59 35 72 41 18 89 3 28 87 29 96 32 24 77 30 47 67 54 81 25 93 55 14 4 74 22 95 57 68 48 98 66 
74 41 7 73 24 33 97 48 23 89 25 14 34 9 92 40 95 93 4 46 16 94 26 30 41 53 82 65 43 22 59 79 21 18 63 78 32 61 5 91 87 2 99 
75 40 89 45 56 24 29 97 23 55 14 86 52 40 78 91 2 22 19 15 21 37 13 65 69 59 35 16 5 98 36 50 90 12 88 46 11 70 51 61 6 49 
76 41 73 96 65 10 81 85 44 24 77 40 29 99 93 42 26 72 61 28 87 94 30 64 5 95 17 11 35 51 55 86 69 70 3 31 63 34 39 32 48 46 33 
77 41 85 14 45 73 81 66 44 24 52 42 37 86 64 27 12 17 18 57 88 87 58 63 76 93 84 31 79 29 68 9 71 47 80 94 36 33 43 21 1 40 96 
78 41 10 2 45 56 66 44 24 84 33 96 48 9 92 83 74 43 12 53 19 63 71 42 8 90 1 6 16 79 68 49 17 95 39 28 59 94 32 35 47 75 37 
79 41 73 11 45 77 84 33 23 14 60 34 86 38 83 74 93 78 99 53 26 37 63 27 65 64 4 18 8 50 88 46 69 30 28 51 59 12 1 6 72 35 5 
80 41 91 56 10 66 77 31 84 33 96 55 25 14 3 92 40 39 94 61 2 71 68 90 20 4 64 58 98 87 5 12 62 18 22 54 37 13 67 6 8 53 95 
81 41 45 31 48 90 56 10 73 7 46 76 63 55 52 91 11 38 77 94 51 69 0 28 2 83 70 66 26 8 25 3 39 13 35 24 89 30 60 58 54 59 85 
82 41 10 68 27 45 66 57 84 29 96 48 55 89 14 7 60 34 92 6 71 39 9 43 26 51 95 69 61 90 1 98 99 94 12 28 38 8 47 49 35 54 74 
83 41 9 45 56 81 66 24 29 96 48 7 0 60 34 38 28 35 4 32 21 49 72 70 67 5 50 79 78 61 95 46 59 93 27 88 43 91 94 69 30 20 40 
84 41 44 23 72 85 77 12 94 32 79 67 14 34 91 35 7 43 51 6 99 20 41 39 28 80 15 82 64 93 59 2 26 58 87 97 9 78 21 70 46 92 33 
85 41 73 44 77 26 36 45 56 10 66 62 57 33 4 24 19 93 27 69 34 30 31 37 91 29 47 7 51 55 13 86 1 81 58 76 35 18 88 67 20 84 48 
86 41 33 54 67 32 66 85 77 57 31 76 23 7 60 3 9 18 1 36 62 12 71 58 22 92 4 79 52 39 40 20 91 53 50 8 88 72 98 46 75 2 38 
87 41 56 10 73 66 44 77 76 84 48 25 14 0 52 38 40 74 41 91 20 80 2 53 36 26 13 32 47 27 95 16 50 6 18 8 88 19 61 94 17 59 68 
88 41 31 56 85 77 29 97 48 23 89 14 60 86 92 83 40 39 87 22 53 19 15 26 58 37 42 95 32 27 65 79 8 35 16 5 98 90 12 75 17 61 11 
89 41 45 52 63 75 10 73 81 57 33 23 55 96 18 26 88 82 27 61 50 17 4 25 92 5 58 35 64 46 95 70 90 1 11 42 15 41 74 30 36 47 14 
90 40 81 12 44 57 96 89 7 34 9 38 82 40 78 20 39 80 19 58 13 27 65 69 16 5 70 36 50 71 46 1 51 6 17 35 49 88 11 75 98 61 
91 41 31 80 28 45 56 10 81 85 44 24 84 97 96 48 25 14 0 9 86 83 40 74 93 43 87 58 13 64 35 21 4 27 62 98 1 37 20 94 99 75 39 
92 41 31 8 71 10 84 48 23 89 25 14 7 3 9 86 59 36 74 37 82 26 52 49 43 15 27 47 70 1 95 54 78 2 19 53 94 80 67 38 88 20 93 
93 41 45 10 73 66 85 77 76 84 23 60 3 34 52 83 74 41 35 28 46 18 21 92 49 42 19 39 22 65 11 15 91 20 7 79 2 32 63 50 43 95 99 
94 41 37 62 45 56 10 81 24 77 31 76 84 48 23 0 60 3 92 83 82 74 41 78 91 20 80 2 87 26 58 63 95 8 6 32 59 28 27 65 17 47 64 
95 41 24 10 73 66 31 76 97 23 89 7 0 92 52 38 83 82 74 93 78 39 2 87 22 53 26 54 42 63 1 49 46 12 17 88 80 4 71 70 18 94 27 
96 41 76 25 19 45 10 73 66 44 57 97 78 51 69 54 11 22 91 68 48 38 29 77 5 6 35 72 83 82 16 46 90 36 23 55 80 52 40 50 49 1 89 
97 41 73 4 66 44 57 84 28 91 74 67 13 53 60 6 16 50 35 88 3 27 26 14 49 30 12 69 17 99 95 75 48 62 55 96 39 20 9 36 18 54 0 
98 41 14 73 44 29 23 60 34 86 52 82 40 41 43 91 80 68 15 26 63 32 27 62 4 8 35 47 16 88 49 1 75 17 5 61 11 46 51 70 71 50 90 
99 41 3 5 56 66 31 76 84 33 97 48 55 60 9 38 82 91 13 43 62 17 61 27 65 53 28 4 74 16 30 11 22 93 42 51 18 35 64 67 79 49 39 
