100 4135
0 83 44 83 78 55 86 5 60 7 71 28 82 38 95 16 64 9 92 6 59 26 90 61 68 45 35 36 99 91 19 97 96 94 65 87 14 11 23 10 51 54 37 17 62 81 66 88 40 46 2 41 74 12 47 32 75 15 93 53 29 58 20 22 98 50 89 69 1 18 13 79 4 85 67 63 27 56 73 49 72 48 30 34 39 
1 82 20 77 78 24 3 86 66 54 71 75 29 98 38 95 8 64 59 90 81 45 36 91 19 97 96 94 0 15 87 14 40 53 83 22 50 89 69 62 84 60 43 6 32 92 39 74 72 18 26 52 31 47 76 12 35 70 42 5 34 88 27 79 11 57 33 4 61 99 55 68 85 93 63 25 2 56 73 80 51 30 58 23 
2 76 4 77 78 55 66 54 60 88 8 16 6 59 26 81 61 45 36 91 94 65 0 17 22 69 18 43 42 85 93 31 63 25 27 57 37 83 53 80 35 30 10 84 75 70 56 1 99 33 72 24 47 95 12 64 11 48 79 76 32 3 67 73 86 19 5 87 58 52 90 21 49 51 13 41 34 39 
3 90 78 29 98 77 24 55 17 66 36 86 89 5 69 74 39 59 33 54 38 32 92 60 91 40 95 49 61 6 37 4 80 57 42 13 83 81 27 87 79 88 7 46 93 47 58 44 97 71 26 1 41 53 8 45 28 35 70 51 52 75 82 23 19 85 99 34 84 16 64 96 9 90 68 94 65 62 15 20 14 50 18 12 43 76 31 67 63 2 73 21 
4 85 12 2 77 78 55 3 86 5 54 60 71 28 75 29 38 95 9 81 45 35 96 94 62 53 83 50 1 18 47 52 43 42 11 33 40 7 36 17 23 22 44 14 88 67 82 89 70 85 93 79 26 39 58 98 41 8 90 61 0 16 49 92 15 24 66 34 64 30 65 76 63 56 73 80 21 51 10 72 48 32 37 13 74 46 84 
5 90 55 59 58 77 78 24 3 86 66 54 98 12 11 23 76 44 51 38 32 82 60 21 68 47 45 37 74 88 7 71 67 28 46 57 43 62 75 26 35 18 36 29 95 53 41 65 31 61 8 42 20 16 0 73 90 81 93 25 99 91 27 33 19 64 97 83 4 34 80 14 9 92 6 96 94 17 15 87 40 22 50 69 1 52 70 85 63 2 49 48 
6 84 98 63 77 78 24 3 86 66 54 88 7 71 28 75 29 82 38 95 44 8 16 64 9 92 5 55 0 11 68 45 34 74 42 20 60 43 59 26 2 21 90 52 96 93 81 46 25 84 61 51 56 80 35 19 39 36 97 23 99 31 91 94 65 17 49 62 15 87 30 14 40 53 50 1 18 12 70 85 67 27 57 72 48 32 
7 88 54 46 77 24 55 3 86 66 5 60 88 84 61 98 99 71 83 40 34 9 12 28 38 50 73 79 47 65 29 64 16 90 67 92 75 91 95 42 69 53 85 82 78 39 44 19 8 6 96 89 14 59 26 93 81 22 68 45 74 35 0 36 97 70 13 94 17 43 62 15 20 87 18 52 33 4 76 31 63 25 27 57 56 21 51 10 72 37 
8 90 54 64 77 78 24 3 86 66 5 60 88 7 71 28 75 29 82 98 38 95 44 17 34 18 99 55 16 2 30 89 9 56 69 35 92 23 31 79 84 6 39 90 59 26 32 81 61 65 68 20 45 97 13 52 40 80 36 76 1 53 73 21 91 72 19 87 96 10 58 94 62 15 14 83 22 47 12 43 11 33 4 70 93 63 25 27 57 49 48 46 
9 87 95 78 24 55 86 66 54 60 88 7 71 28 75 29 82 98 38 44 8 16 64 3 87 45 46 25 36 59 74 49 19 92 41 93 27 77 35 53 56 57 15 23 6 31 5 73 43 47 0 26 34 4 11 84 83 90 81 48 97 61 68 99 37 91 22 33 96 72 94 20 65 17 62 40 18 52 12 70 85 63 80 21 10 30 79 32 58 
10 74 87 78 24 88 71 75 82 98 38 8 64 59 90 61 68 36 99 65 0 17 62 15 20 22 18 52 42 11 33 85 67 63 27 57 2 80 51 94 44 95 9 14 74 50 29 16 37 43 23 21 7 4 49 69 28 19 13 12 92 58 81 56 46 45 40 53 47 41 72 83 48 30 79 84 
11 81 29 77 78 24 55 86 66 5 54 60 28 75 82 38 44 16 9 92 6 26 45 35 36 91 19 65 0 62 87 22 50 89 1 18 47 52 12 43 42 61 99 95 15 17 59 90 33 64 32 4 81 8 79 68 69 48 30 58 70 10 85 73 57 97 93 76 63 96 31 94 27 2 80 49 72 74 46 41 34 84 39 
12 84 14 4 74 24 55 86 66 5 54 7 28 29 82 98 38 95 44 16 64 92 59 26 90 61 35 36 91 0 20 87 40 53 22 50 89 69 1 18 47 52 31 34 3 41 23 67 60 43 42 6 58 11 49 33 88 17 71 75 8 9 65 83 97 81 32 70 85 68 51 99 76 25 27 2 73 80 10 72 48 30 79 13 84 39 
13 73 49 77 24 55 3 66 60 88 7 28 75 82 98 38 8 16 59 45 35 99 91 94 0 17 15 50 43 42 70 76 67 25 80 21 10 72 48 32 58 37 31 2 73 90 39 74 71 47 23 61 85 89 4 29 40 26 12 27 69 97 81 65 19 78 68 63 33 51 96 20 41 34 84 
14 83 99 12 77 78 24 55 5 54 60 7 75 98 38 95 44 16 92 6 59 26 90 61 68 45 35 36 91 19 97 96 94 65 0 17 62 15 20 87 8 3 22 86 40 81 41 31 89 64 88 63 82 30 53 83 50 66 71 27 47 46 76 69 74 93 84 1 18 29 52 43 42 33 4 56 73 80 21 51 10 48 79 23 39 
15 85 62 40 77 78 24 55 54 60 88 7 71 28 38 95 44 16 64 9 92 6 59 26 90 61 68 45 35 36 99 91 19 97 96 94 65 0 17 41 74 20 75 33 42 13 23 87 50 8 67 14 81 53 3 86 83 69 22 66 10 5 89 27 1 46 18 32 47 52 48 29 43 11 4 70 85 76 63 57 56 73 49 72 30 37 34 
16 90 55 50 56 77 24 3 66 5 54 88 7 71 28 75 29 82 98 38 95 44 8 17 72 47 43 15 20 32 90 96 14 2 86 79 64 9 58 78 26 92 6 80 65 94 12 59 60 52 81 0 87 62 48 30 53 40 61 83 91 68 37 19 13 22 73 42 11 93 45 89 35 36 99 97 69 18 33 4 70 85 76 31 67 63 25 27 57 21 10 39 
17 90 55 78 3 86 7 71 28 29 82 98 38 95 44 8 16 64 92 6 59 26 90 61 68 45 35 36 99 91 19 97 96 94 65 0 77 51 27 62 88 21 24 75 81 73 54 9 13 15 43 66 22 10 5 20 67 87 14 2 40 52 72 53 60 57 83 50 89 49 41 63 18 47 12 42 11 33 4 85 93 76 56 48 30 79 32 58 37 74 46 39 
18 82 44 84 77 78 86 66 5 54 60 28 75 82 8 90 81 35 36 19 96 94 0 15 87 14 40 53 83 22 50 89 69 1 17 7 88 10 79 71 56 25 29 3 48 72 47 98 99 62 59 52 12 9 43 2 38 42 95 11 16 91 41 64 92 37 27 6 57 33 51 4 70 85 76 73 80 21 30 58 74 46 34 39 
19 85 64 77 24 55 3 86 66 5 88 7 71 75 29 38 95 8 16 9 92 6 59 26 90 81 61 68 45 35 36 99 91 32 97 40 78 96 42 82 56 49 98 62 0 83 67 87 94 17 65 80 31 15 20 37 44 28 14 54 53 60 89 43 58 22 11 50 63 69 18 1 70 93 76 25 27 57 2 73 21 10 48 30 79 13 23 
20 84 29 1 76 77 78 24 55 66 5 60 71 28 38 95 44 8 16 64 9 92 6 59 26 90 61 68 45 35 36 99 91 19 97 96 94 65 0 17 62 15 87 39 81 3 14 7 30 84 10 47 37 75 72 46 98 57 53 82 49 79 40 52 43 22 83 86 50 12 23 80 89 69 42 33 31 67 63 27 56 48 32 13 74 41 
21 77 33 77 78 24 55 86 66 5 54 75 29 82 98 44 8 64 92 6 59 81 68 45 36 17 83 50 69 47 52 70 93 63 2 73 80 95 3 88 56 13 35 71 16 9 74 60 7 37 42 40 62 26 85 61 4 90 57 23 99 76 28 87 84 91 19 18 31 97 67 14 49 51 10 48 58 46 34 
22 84 64 73 77 24 55 86 60 88 7 75 29 98 38 95 16 9 90 81 68 45 99 91 19 97 96 0 17 62 15 20 87 14 40 53 83 50 89 57 56 44 34 10 69 94 2 31 93 26 65 11 1 63 35 23 76 61 5 18 80 48 49 71 79 47 52 54 32 12 72 8 42 33 4 70 85 67 25 30 58 37 46 41 84 39 
23 73 77 78 3 86 66 5 60 88 28 29 82 98 38 8 9 6 59 26 45 36 99 94 0 15 20 53 22 69 12 33 4 93 67 63 56 73 21 10 30 79 37 13 74 64 19 83 90 43 70 91 55 32 50 89 46 97 87 58 41 85 61 68 81 47 42 25 35 65 1 14 34 84 39 
24 87 78 86 66 60 89 77 22 40 47 39 1 9 16 68 65 82 21 75 97 71 29 88 19 7 35 73 13 12 44 20 62 28 37 98 52 69 14 38 5 43 95 8 91 72 87 61 55 49 15 94 74 64 3 51 57 79 42 85 54 10 92 53 46 11 6 59 70 26 90 81 99 96 17 50 33 4 93 76 31 63 27 2 56 80 58 41 84 
25 76 50 78 55 86 5 54 60 28 75 29 82 95 44 9 6 81 61 68 36 99 91 96 94 62 53 69 18 52 42 33 85 76 67 63 39 74 98 16 1 83 30 26 37 45 64 7 13 41 19 38 22 66 57 89 47 79 97 92 58 2 71 8 34 59 72 87 88 12 90 35 27 56 80 51 23 46 
26 87 95 78 24 3 86 66 5 54 88 7 71 28 75 29 82 98 38 44 8 16 64 9 92 6 59 72 89 19 11 30 23 2 58 90 81 61 60 14 12 46 68 34 45 35 41 36 99 56 91 87 97 32 85 15 69 84 51 96 94 20 53 49 65 74 0 77 17 31 55 93 62 40 22 1 52 4 70 67 25 27 57 80 21 79 37 13 39 
27 80 69 57 78 55 3 86 5 60 88 98 95 64 9 81 61 68 91 17 15 14 50 1 18 47 63 66 12 20 87 74 76 7 10 38 62 83 31 53 26 25 89 93 71 56 28 96 65 2 19 52 75 97 8 11 43 94 44 16 0 92 29 42 6 40 73 59 24 54 90 49 51 72 30 79 58 13 46 41 34 39 
28 90 66 75 95 52 39 77 24 55 3 86 5 54 60 88 7 71 50 13 26 47 82 91 81 96 43 85 93 25 42 29 78 89 12 94 15 98 38 0 68 73 4 17 11 33 69 70 20 44 18 6 8 59 76 53 16 90 67 30 64 36 74 83 62 9 87 32 92 31 45 23 61 35 99 19 97 65 40 63 27 57 56 21 49 51 10 72 79 58 46 84 
29 90 3 35 20 11 33 37 77 24 55 66 5 54 88 7 71 28 75 78 22 30 86 92 93 60 36 82 9 91 4 98 23 50 38 6 95 72 19 81 99 87 25 44 34 61 21 26 8 90 49 1 16 97 51 96 17 76 62 64 59 12 57 83 70 46 68 67 45 85 89 31 94 65 0 15 14 40 53 18 47 52 27 56 73 10 48 79 32 13 84 39 
30 75 64 66 88 28 75 29 8 16 6 59 26 81 65 62 20 14 53 50 89 47 43 11 33 4 85 31 63 25 2 51 72 48 52 1 87 67 12 56 90 74 32 9 94 18 17 83 15 42 61 76 22 58 93 91 23 97 92 0 44 69 70 45 57 96 10 40 19 27 73 80 79 37 46 41 39 
31 80 78 55 86 5 60 88 71 28 75 29 95 8 9 92 6 59 26 90 81 61 36 99 91 19 65 14 40 53 22 89 1 12 42 11 33 85 93 76 83 94 66 7 82 20 41 98 3 50 38 2 24 46 62 69 34 79 47 48 52 68 97 54 63 84 44 30 70 16 35 67 27 57 56 80 21 51 72 32 13 74 
32 71 33 78 3 86 66 5 71 28 98 38 44 8 16 26 90 68 45 35 19 97 94 65 0 15 40 53 22 1 47 12 42 11 85 76 57 2 73 48 30 79 67 34 29 96 84 17 46 83 69 6 52 4 82 58 70 64 39 9 80 95 88 50 62 93 31 37 20 89 13 92 23 
33 79 29 21 32 34 77 78 3 86 66 5 54 60 71 28 98 44 9 92 35 97 62 15 87 53 83 50 1 18 47 52 12 43 42 11 85 14 74 4 65 38 23 70 46 49 95 16 55 88 24 7 17 58 40 93 25 76 99 22 30 20 31 75 45 51 36 89 10 80 8 57 63 2 73 72 48 79 13 84 39 
34 70 33 78 55 3 5 54 7 71 29 82 98 38 8 9 6 26 81 61 65 62 22 69 1 47 12 42 4 85 76 31 67 63 25 57 56 48 32 37 46 41 59 43 11 15 13 74 87 44 2 21 92 96 51 40 99 72 80 70 84 68 0 45 93 36 60 77 23 18 27 52 
35 87 29 24 55 3 66 5 54 60 88 7 75 82 98 95 8 64 9 92 6 59 26 90 81 61 68 45 49 32 42 12 86 11 33 18 71 97 36 67 44 28 99 73 38 91 16 89 50 19 70 78 20 96 94 65 0 17 51 57 62 87 15 58 4 14 40 53 13 83 46 85 22 69 1 52 93 31 25 2 56 80 21 72 79 74 23 41 84 
36 83 61 79 77 3 86 66 5 54 60 88 7 28 75 29 82 98 95 44 8 64 9 92 6 59 26 90 81 68 45 35 48 25 0 87 55 71 89 1 38 16 18 43 39 96 99 23 10 47 76 85 91 19 97 94 12 65 62 17 15 20 93 2 70 11 14 31 67 21 40 53 83 50 69 52 33 4 57 56 73 58 74 46 34 
37 72 29 78 24 55 3 86 66 5 54 71 75 82 98 38 16 64 9 59 99 19 96 94 0 20 53 83 89 69 18 43 70 76 67 25 2 56 73 21 49 51 10 72 48 32 58 30 41 97 65 80 17 52 90 60 7 26 40 68 79 34 13 62 57 22 45 74 15 4 87 23 46 84 
38 90 75 44 77 78 24 3 66 5 54 88 7 71 28 29 82 98 95 47 13 58 32 87 50 34 41 8 14 81 60 53 6 96 84 90 67 74 89 39 49 19 9 80 43 73 55 94 16 52 83 11 86 65 64 1 37 12 92 0 23 48 17 59 26 46 15 22 10 69 20 4 61 68 45 35 36 99 91 97 62 40 18 33 70 85 93 76 31 25 27 57 
39 70 28 77 78 24 55 3 66 54 60 7 71 75 82 98 38 95 44 8 6 90 68 36 99 20 83 50 1 42 4 70 25 72 79 32 13 74 46 86 26 27 59 87 0 33 57 12 58 97 53 62 17 48 56 14 45 11 69 18 16 23 40 80 2 30 29 89 85 61 47 22 
40 86 15 48 77 78 24 55 3 54 60 88 7 75 82 95 44 8 16 92 59 90 81 61 68 45 35 36 99 19 97 96 65 0 17 62 20 87 14 98 71 86 28 91 41 51 53 64 83 93 94 22 47 29 9 38 6 66 26 42 50 89 69 1 5 58 31 18 52 12 32 43 33 4 76 27 73 80 21 10 72 30 37 13 74 34 84 39 
41 70 91 77 78 3 86 5 54 88 75 98 38 44 64 9 92 26 81 61 97 65 0 17 15 14 40 83 18 47 12 42 4 85 93 31 67 25 57 51 10 72 37 23 46 27 49 63 68 76 34 95 45 70 55 84 60 22 62 35 50 48 20 99 30 43 11 2 24 53 73 13 
42 82 71 77 24 3 86 5 60 88 7 28 82 95 44 16 92 6 90 35 91 19 65 62 15 87 40 89 69 1 18 47 52 12 43 11 34 55 53 33 94 83 97 31 4 70 66 61 85 20 93 14 22 68 59 78 45 84 54 10 25 17 57 76 13 75 2 32 67 80 41 39 63 27 56 21 49 72 48 30 58 74 23 46 
43 79 90 24 55 86 66 5 88 7 71 28 82 98 38 44 16 9 92 6 45 36 91 19 65 17 62 20 87 14 40 50 89 1 18 47 52 12 42 54 72 70 3 56 37 11 30 53 51 81 75 95 49 76 33 96 2 73 69 8 61 15 78 64 4 83 80 97 94 13 46 59 85 27 10 48 58 23 41 34 84 
44 88 38 94 65 0 18 77 24 55 3 66 5 54 60 88 7 71 28 75 29 82 98 95 97 63 73 12 87 96 6 25 78 26 39 47 41 8 17 43 84 80 90 59 62 40 16 32 36 99 74 15 14 64 20 53 72 9 83 48 52 56 42 92 11 81 76 50 21 33 93 49 61 68 45 35 19 22 69 4 70 85 31 67 27 57 10 30 79 34 
45 85 95 55 3 5 54 88 7 71 28 75 29 82 98 8 16 64 9 92 6 59 26 90 81 61 68 65 35 13 36 4 38 99 91 23 21 2 47 72 60 11 19 32 73 44 78 14 22 0 57 63 97 96 67 89 94 50 40 17 15 62 53 52 20 48 66 87 43 83 69 1 42 33 70 93 25 56 80 49 10 30 58 37 41 34 39 
46 70 7 77 78 24 3 86 5 60 88 29 98 38 95 64 9 6 26 81 35 99 65 0 15 20 87 14 83 69 43 33 31 67 56 73 10 32 74 23 61 41 92 59 8 30 36 58 63 34 68 27 25 84 80 18 28 4 70 42 22 51 21 82 17 72 11 37 55 85 39 54 
47 84 82 77 24 3 86 66 5 88 7 28 75 38 95 44 16 64 9 90 68 45 36 96 94 0 15 20 87 14 40 53 22 50 89 69 1 18 32 41 71 27 21 8 51 85 11 43 98 4 30 81 17 78 58 55 29 54 99 52 70 12 83 65 73 80 42 92 48 62 33 34 76 31 63 25 2 56 49 10 79 13 74 23 84 39 
48 73 40 78 55 60 88 71 75 82 98 38 44 16 9 92 81 45 36 97 65 15 87 22 18 47 52 11 31 63 57 2 51 72 56 61 37 20 14 96 17 12 83 33 6 13 8 73 10 29 0 34 43 30 69 42 86 80 68 21 95 54 4 49 64 91 5 79 19 32 58 59 74 41 39 
49 75 77 13 24 55 3 66 54 60 71 75 29 82 98 38 44 9 6 59 26 81 61 68 35 19 94 65 17 20 83 22 50 89 12 43 33 4 70 67 27 57 80 92 42 90 5 62 51 21 15 2 87 52 8 99 37 28 84 88 79 47 86 45 11 69 64 0 91 56 73 85 10 48 58 74 41 
50 83 16 25 80 77 78 55 86 54 60 7 71 28 29 82 38 44 64 92 90 81 68 45 35 99 19 97 96 0 17 62 15 20 87 14 40 53 83 22 11 21 3 33 76 36 91 94 75 6 69 43 39 65 1 85 27 98 95 66 24 89 4 18 13 5 47 49 52 30 12 93 70 31 63 57 56 73 51 10 79 32 58 23 41 
51 75 52 77 24 55 3 86 66 5 88 75 29 82 98 95 6 59 26 81 68 35 96 65 0 17 40 83 89 18 47 12 43 33 70 93 67 57 73 49 60 37 50 76 10 90 28 4 54 69 94 14 80 92 21 63 78 87 72 1 31 53 2 84 85 41 7 71 25 48 27 30 79 13 74 46 34 
52 84 28 51 24 55 3 86 66 60 88 71 75 82 38 95 44 8 16 64 92 6 90 61 45 99 91 97 96 94 17 15 20 87 14 40 53 22 50 89 69 1 18 47 67 62 85 5 11 72 76 21 83 12 7 43 29 42 33 9 4 10 35 59 79 48 98 26 81 25 36 70 93 31 27 2 56 73 80 49 30 32 58 37 34 84 
53 84 62 77 78 24 3 66 5 60 7 71 28 98 38 95 44 8 16 9 26 90 61 68 45 35 36 99 91 19 97 96 65 0 17 15 20 87 14 40 76 55 23 4 94 37 83 22 52 63 70 31 50 89 30 69 1 29 93 64 67 92 12 57 85 18 47 33 86 32 25 6 43 42 27 2 56 80 51 10 72 79 58 41 84 39 
54 88 78 7 8 61 77 24 55 3 86 66 5 83 4 40 9 98 84 70 79 90 56 60 57 87 41 88 81 64 2 71 28 75 68 63 34 14 29 39 85 69 73 82 12 62 38 91 95 44 89 50 15 45 1 25 35 16 21 92 80 18 93 37 6 59 26 11 36 49 33 76 99 19 96 94 65 0 17 22 47 43 42 31 67 27 51 48 58 46 
55 90 78 5 82 16 91 97 17 77 24 93 21 96 66 70 94 19 85 44 35 12 4 39 29 14 57 3 11 62 86 54 71 60 20 9 43 22 37 76 31 67 65 83 88 34 63 7 48 0 25 27 50 58 2 56 13 87 92 69 15 49 28 75 51 89 45 40 52 73 80 61 98 38 95 8 64 6 59 26 90 81 68 36 53 1 47 42 33 23 46 41 
56 79 16 78 55 86 66 54 60 88 75 82 98 95 44 8 64 9 6 59 26 81 68 99 91 19 97 96 83 22 69 18 43 67 63 27 2 62 4 25 29 79 53 31 92 90 1 57 61 45 94 14 37 35 65 7 42 23 73 46 50 28 24 34 47 36 0 17 71 15 52 20 80 21 49 10 48 30 74 84 39 
57 79 27 78 24 55 3 86 66 5 54 60 88 71 29 82 64 9 81 45 35 91 97 94 17 20 87 53 83 22 1 18 42 11 33 70 85 63 25 2 49 50 32 28 98 16 76 95 93 62 51 92 89 36 34 48 7 19 84 10 75 38 6 44 15 8 59 26 99 41 31 61 56 21 72 30 79 58 37 74 39 
58 74 5 77 78 55 3 66 88 71 75 98 38 8 16 59 26 90 81 61 68 35 19 0 40 83 89 47 12 11 33 4 85 93 25 2 10 48 30 79 32 36 27 45 18 49 86 9 22 76 53 24 87 99 52 69 50 43 21 57 37 82 13 17 1 42 54 62 74 70 91 28 23 46 84 39 
59 87 5 77 78 24 3 86 66 54 60 88 7 71 28 75 29 82 98 38 95 44 8 16 64 9 92 6 73 26 23 90 21 81 70 61 68 2 58 40 1 69 94 45 35 80 89 12 55 51 15 31 56 36 87 99 91 19 76 97 20 96 65 49 37 13 30 0 17 62 14 10 18 52 43 42 11 93 63 25 27 57 72 48 74 46 34 84 39 
60 90 24 77 78 55 3 66 5 54 36 46 35 87 13 53 72 88 70 96 52 33 92 85 97 18 67 44 9 86 81 23 20 14 62 11 42 15 0 59 4 61 25 39 73 93 83 76 63 31 7 48 99 68 22 27 94 56 40 98 49 2 71 90 57 28 50 65 89 79 95 8 75 29 82 38 16 64 6 26 45 91 19 17 69 1 12 21 51 37 41 34 
61 89 54 36 93 77 78 24 55 3 86 66 5 60 88 7 71 75 29 82 98 95 8 16 64 9 92 6 59 26 90 81 62 67 68 38 28 91 69 45 44 35 74 17 99 14 10 0 19 34 41 15 53 63 25 2 49 20 97 96 27 52 12 31 94 87 58 79 65 84 40 83 22 89 1 43 42 11 4 70 57 56 80 21 72 48 30 13 23 46 39 
62 88 99 15 53 77 24 55 86 5 54 60 7 71 28 29 98 95 44 16 64 92 6 59 90 61 68 45 35 36 91 19 97 96 94 65 0 17 82 34 72 20 26 87 33 8 11 73 25 76 43 81 30 14 69 78 42 9 75 3 40 4 83 66 22 50 10 38 70 89 85 88 1 18 47 52 31 67 63 27 57 56 21 49 32 58 37 74 41 39 
63 75 6 78 55 86 54 60 88 71 95 44 92 81 61 68 45 99 91 19 97 96 17 14 53 22 69 11 85 76 31 67 94 64 65 77 70 4 21 42 24 56 79 0 25 7 10 33 27 62 74 23 8 47 16 57 2 1 98 5 34 20 28 48 73 3 30 15 93 9 50 59 80 51 13 46 41 
64 88 8 19 22 30 77 78 24 3 66 5 54 88 7 71 28 75 29 82 98 38 95 44 16 21 56 9 27 92 10 55 6 17 59 26 62 86 60 90 1 50 81 47 65 61 68 45 70 20 35 36 12 73 84 99 91 57 80 79 46 97 0 67 52 96 37 89 94 41 72 15 87 14 40 53 83 18 43 11 4 93 76 63 25 2 49 48 32 23 
65 87 44 77 78 24 55 86 66 5 60 88 7 71 38 95 8 16 64 92 6 59 26 90 81 61 68 45 35 36 99 91 19 97 96 94 79 0 3 17 30 75 72 54 74 51 70 29 28 53 10 48 9 43 62 32 31 46 15 20 42 41 34 87 80 14 2 85 40 49 11 82 22 50 89 69 47 12 33 4 93 67 63 27 56 73 37 13 23 
66 90 24 28 77 78 55 3 86 84 90 58 72 98 87 39 23 47 19 75 13 79 64 51 33 52 37 81 9 12 67 36 59 35 32 5 54 92 43 99 16 96 2 60 18 56 1 88 74 20 38 21 91 94 11 7 53 71 49 57 95 29 82 44 65 83 8 6 26 61 30 68 45 97 0 17 62 15 14 40 50 69 42 4 70 85 93 76 31 25 27 73 
67 76 85 78 55 86 66 5 60 88 7 71 28 75 29 98 38 64 92 90 81 61 45 35 36 91 19 97 94 17 15 53 83 69 52 12 42 4 93 76 31 34 74 68 82 13 99 96 41 51 84 63 65 23 25 46 0 95 3 26 16 62 70 6 22 44 10 37 49 20 56 54 2 80 21 72 30 32 
68 90 81 77 78 24 86 66 5 54 60 88 7 71 28 75 29 82 95 8 16 64 9 92 6 59 26 90 61 56 55 15 45 3 35 36 25 73 27 63 49 39 62 98 21 0 99 20 38 51 44 32 91 19 97 22 96 10 94 65 47 76 17 58 87 85 93 50 14 40 53 72 83 89 69 1 12 42 11 70 31 67 80 48 79 37 13 74 23 46 41 34 
69 85 82 27 77 78 24 55 3 86 54 7 28 38 8 59 26 81 61 45 99 91 19 97 96 94 0 62 15 87 14 40 53 83 22 50 89 70 88 1 2 46 23 67 98 90 21 42 95 18 60 66 68 25 44 35 71 73 36 34 52 63 56 20 16 37 79 5 47 12 75 65 43 11 85 76 31 80 49 51 10 48 30 32 58 13 39 
70 86 97 77 78 24 55 3 86 54 60 7 71 28 75 29 98 95 64 92 59 90 81 35 36 99 91 65 62 53 83 69 1 47 52 12 43 42 11 33 4 37 82 66 22 51 38 85 84 57 9 19 18 16 61 6 44 13 5 39 96 76 21 93 8 49 26 68 15 50 88 45 31 67 63 2 73 80 72 30 79 32 58 74 23 46 41 34 
71 90 86 90 42 77 78 24 55 3 66 5 54 60 88 7 28 75 29 70 53 79 82 98 38 62 95 43 84 99 49 44 48 58 6 61 33 8 39 76 32 0 97 17 16 67 1 31 9 63 19 57 64 15 91 92 96 50 94 65 37 59 34 81 4 26 52 68 20 45 83 10 35 36 14 40 22 89 69 18 47 12 85 93 25 27 56 73 21 51 72 13 
72 74 82 24 66 60 88 29 95 44 8 16 64 9 26 68 45 99 94 65 17 62 20 22 1 18 52 43 85 25 2 51 10 7 31 40 78 92 42 48 75 13 11 30 67 59 87 77 71 6 90 4 15 89 33 37 41 70 81 53 83 12 39 61 35 57 27 0 80 79 93 28 74 46 34 84 
73 78 22 78 24 55 86 5 54 60 88 7 28 82 98 38 44 8 16 64 9 59 81 68 45 35 97 94 17 62 83 69 47 43 11 76 63 27 2 56 36 71 50 89 80 33 90 66 23 3 75 1 46 95 96 14 37 12 32 18 40 65 51 4 92 15 0 52 21 19 70 29 49 48 30 79 13 74 41 84 
74 71 12 77 24 3 66 5 88 7 28 75 82 98 38 44 9 6 26 61 99 94 65 0 15 87 14 83 89 1 33 67 63 25 27 80 21 10 30 58 37 13 49 51 4 17 70 57 42 56 68 18 78 72 47 31 62 59 35 23 90 20 36 81 48 39 40 11 46 79 73 84 34 
75 90 28 38 77 24 55 3 86 66 5 54 88 7 71 58 40 91 60 29 74 31 82 98 21 99 64 95 83 59 26 56 39 4 61 48 52 36 49 44 80 76 90 37 8 67 51 22 16 30 9 92 1 6 18 19 81 10 84 70 47 68 78 45 13 35 14 97 11 96 25 41 94 65 0 17 62 15 20 50 89 69 12 43 42 33 93 27 57 2 73 72 
76 78 20 77 78 55 86 5 54 60 88 71 28 75 29 44 8 92 59 90 81 68 36 91 62 87 14 53 22 50 1 52 43 42 11 33 4 70 85 93 99 80 17 18 47 16 32 19 3 66 7 15 63 40 73 31 83 24 37 82 97 67 98 38 13 89 12 95 25 64 34 69 27 57 2 21 51 30 58 41 
77 80 78 88 49 23 62 6 20 74 61 33 51 90 71 14 7 42 97 87 41 28 39 40 75 69 4 50 1 15 53 24 95 21 38 83 29 11 59 82 18 98 2 58 96 94 13 55 86 68 22 89 46 3 66 47 54 8 70 85 93 60 44 91 65 36 19 5 84 76 16 64 9 92 26 99 17 63 80 72 79 34 
78 90 77 24 55 3 54 31 59 87 34 4 58 94 85 20 9 93 86 67 8 89 90 81 57 23 15 46 69 11 68 40 39 64 1 84 96 26 18 76 2 66 48 38 14 50 33 63 27 70 65 5 25 92 73 53 98 6 41 61 32 80 56 37 60 10 97 17 71 83 21 0 7 28 75 29 82 44 16 45 35 99 91 19 62 47 43 42 51 72 13 74 
79 72 36 24 3 86 66 54 60 7 71 98 8 16 64 61 91 96 94 65 0 20 22 69 1 18 52 11 4 31 63 25 2 56 49 72 48 33 17 27 77 23 95 73 70 57 39 99 50 44 68 10 88 85 35 80 28 30 81 19 32 58 14 12 26 9 29 51 82 53 47 97 37 74 
80 80 50 78 55 3 5 54 88 75 82 98 38 44 8 16 64 92 6 59 81 19 97 65 20 87 83 22 89 47 43 42 33 85 76 2 73 90 14 93 40 96 26 31 4 18 56 9 10 13 52 35 95 53 61 70 68 74 49 45 69 12 11 86 67 77 24 21 63 1 25 94 51 72 48 30 79 32 37 46 34 39 
81 90 95 68 78 24 3 86 66 5 54 60 88 7 71 28 75 29 82 98 38 44 8 16 64 9 92 6 59 26 90 31 34 67 80 46 55 63 69 76 4 61 93 36 25 45 35 48 70 2 27 99 56 57 1 30 58 91 19 22 73 50 21 97 96 18 94 49 65 51 40 41 0 17 62 15 20 87 14 83 89 47 52 12 43 11 10 72 79 13 74 23 
82 89 55 92 69 47 72 77 24 3 86 66 5 54 88 7 71 28 75 29 93 21 51 38 98 95 84 85 39 73 56 44 8 16 60 64 49 40 48 97 42 12 0 10 9 25 89 96 23 43 18 6 17 74 35 59 11 68 57 52 26 50 90 80 81 45 13 78 36 61 37 34 99 91 19 94 65 62 20 87 14 83 4 70 76 31 67 79 32 58 46 
83 87 0 77 78 55 3 66 5 54 60 7 71 28 75 29 98 38 95 44 16 9 92 90 61 45 35 99 19 97 96 17 62 15 20 87 14 40 53 58 33 37 56 69 81 82 93 50 68 94 74 67 80 39 4 46 85 51 8 22 41 89 64 73 1 21 49 36 18 88 57 70 47 52 12 43 42 76 31 25 27 2 10 72 48 30 32 23 84 
84 70 18 77 78 3 86 66 54 88 7 71 75 82 98 38 95 44 8 64 9 92 6 26 61 99 96 20 14 89 1 42 70 31 67 57 2 21 49 51 32 74 46 41 34 52 87 56 10 58 85 83 40 94 4 12 24 53 59 35 22 43 28 37 73 11 13 33 23 72 29 47 
85 79 96 67 77 78 24 55 3 86 54 60 7 28 29 82 95 92 26 68 35 36 91 97 94 65 62 53 83 50 89 47 52 12 42 11 33 4 70 17 38 88 34 22 2 1 69 66 80 58 43 18 31 72 6 93 32 9 41 76 63 71 90 0 16 15 10 57 5 30 25 44 21 49 51 79 13 23 46 84 39 
86 90 24 71 77 78 55 3 8 23 68 65 66 67 42 17 56 79 22 25 19 76 47 37 1 6 59 82 32 26 52 90 46 41 85 0 18 88 81 73 69 43 63 12 36 99 5 28 57 7 97 70 21 84 11 96 9 91 54 33 4 95 62 93 31 75 50 92 27 51 89 61 60 29 98 38 16 64 35 94 15 20 87 14 40 53 2 80 49 48 58 39 
87 85 98 10 77 78 24 55 3 66 54 60 88 28 29 38 95 44 8 16 9 6 59 26 90 61 68 45 35 36 99 19 97 96 94 65 0 17 62 15 20 12 48 91 80 14 57 40 81 53 83 22 64 50 92 11 7 86 82 89 69 1 74 46 18 47 52 76 43 5 42 33 93 25 27 2 21 49 51 72 30 58 37 23 34 84 39 
88 90 77 24 55 3 86 66 5 54 60 95 23 67 40 71 27 75 72 15 31 16 45 7 57 52 46 22 28 29 30 99 2 93 82 48 98 38 13 89 56 44 6 76 19 73 51 8 58 64 47 43 65 74 9 63 92 42 80 59 26 90 87 81 10 61 96 84 68 35 36 41 97 94 0 17 62 14 83 69 1 18 12 33 4 70 85 25 21 49 79 32 
89 82 24 77 78 55 3 86 54 60 88 7 28 29 82 98 38 8 16 64 92 59 26 90 45 35 36 99 91 19 97 96 0 17 62 15 87 14 40 53 83 22 50 85 71 94 58 20 93 49 75 69 37 31 1 65 81 95 47 18 51 43 84 52 61 74 80 30 12 42 11 68 33 4 76 25 27 57 73 72 32 13 23 39 
90 90 71 43 77 78 24 86 66 5 54 60 88 7 28 75 29 82 98 38 95 44 8 16 64 9 92 6 59 26 70 81 61 10 18 68 76 45 0 87 42 47 32 35 1 62 36 94 99 91 96 52 39 19 97 65 31 17 15 67 20 55 3 40 14 53 83 12 22 50 89 58 69 11 4 85 93 25 27 2 56 73 80 21 49 51 72 30 37 13 74 23 
91 80 55 41 77 24 3 86 66 5 54 7 71 28 75 29 95 8 16 64 9 92 6 59 26 90 81 61 68 45 35 36 99 62 89 19 52 78 65 67 60 97 2 96 82 14 12 43 13 70 15 85 42 94 0 22 17 38 63 79 57 25 11 93 31 76 1 20 27 53 69 56 87 40 50 18 21 49 48 30 58 23 
92 89 82 99 78 24 55 3 86 66 54 60 88 7 71 28 75 29 98 38 95 44 8 16 64 9 52 6 96 81 48 41 59 77 5 83 26 50 76 90 40 63 94 31 12 61 19 21 43 68 84 11 20 70 14 45 35 42 36 91 17 85 89 97 93 33 65 80 67 0 62 15 87 53 1 18 47 4 25 27 57 56 73 49 51 10 72 30 32 46 34 
93 78 61 77 78 55 3 86 5 54 60 88 7 28 29 82 44 16 9 92 6 26 81 68 36 91 97 96 94 0 14 40 53 83 22 50 89 42 11 33 4 70 85 87 64 59 90 45 2 35 76 95 17 98 58 21 23 66 99 31 24 19 65 71 67 8 51 75 1 38 52 41 63 27 57 80 72 30 32 34 
94 88 44 77 78 24 55 66 60 7 71 28 38 95 8 16 64 9 92 6 59 26 90 81 61 68 45 35 36 99 91 19 97 96 32 37 3 13 49 57 74 86 23 5 69 54 18 79 75 65 15 4 0 67 17 98 2 85 73 72 93 1 25 88 52 29 14 82 47 62 20 87 40 53 83 22 50 89 43 42 11 31 63 27 56 80 51 10 30 84 
95 90 28 9 26 81 45 77 24 3 86 66 5 54 60 88 7 71 75 29 82 98 38 0 31 84 1 55 46 39 25 44 8 19 16 17 64 92 35 42 62 6 59 61 90 27 68 36 63 52 14 99 47 85 91 51 4 56 72 97 96 12 94 65 40 15 20 83 22 87 70 53 50 89 69 18 43 11 33 93 76 67 57 2 73 80 21 10 48 79 32 41 
96 82 98 85 77 78 55 3 86 66 60 88 7 71 28 75 29 82 38 95 44 8 16 64 9 92 6 59 26 90 81 61 68 45 35 36 99 91 19 97 63 24 22 84 5 37 94 20 93 65 18 54 0 69 17 47 62 1 15 87 25 4 14 50 51 40 52 53 56 79 83 89 43 11 70 67 27 73 80 48 30 32 13 34 
97 85 55 70 77 78 24 3 86 5 60 7 71 75 29 82 95 44 8 64 9 92 6 59 26 90 81 61 68 45 35 36 99 91 19 88 96 41 66 57 16 83 93 98 94 14 48 67 62 56 65 28 73 0 15 17 40 52 63 32 20 38 87 53 22 50 89 69 33 85 80 1 12 43 42 11 76 31 25 27 21 30 79 37 13 23 39 
98 90 3 6 96 87 77 78 24 66 5 54 60 88 7 71 28 75 29 82 37 36 73 39 12 48 58 38 14 55 64 17 74 1 53 95 32 59 70 86 45 23 35 83 56 80 44 8 16 46 43 22 49 41 9 34 21 13 92 51 62 26 90 84 10 27 81 67 89 33 61 79 68 99 19 97 94 0 20 40 50 69 18 47 52 4 93 76 31 63 25 57 
99 87 92 62 14 3 86 66 5 60 88 7 71 75 29 95 44 8 64 9 6 59 26 90 81 61 68 45 35 36 89 19 84 54 56 25 78 82 91 31 97 13 96 17 98 74 22 28 53 15 50 16 63 94 72 83 0 38 10 65 20 87 52 23 39 37 70 77 40 24 69 46 1 18 47 12 11 33 93 76 67 57 2 21 49 79 58 41 34 
