100 1526
0 32 98 94 14 69 53 48 46 39 81 76 20 61 19 33 28 70 71 43 68 60 55 54 5 65 16 93 78 30 66 83 64 36 
1 34 40 69 90 47 8 3 39 46 21 4 96 19 23 24 32 37 43 36 9 76 7 11 92 31 59 80 34 86 68 13 55 83 71 6 
2 34 73 35 14 69 90 8 65 81 79 68 53 4 33 64 83 17 3 85 27 89 55 16 66 24 95 46 57 93 44 50 88 99 75 19 
3 33 61 22 69 74 90 53 20 2 37 28 31 60 39 94 54 10 55 4 25 26 73 66 38 33 1 67 81 11 23 63 87 58 36 
4 35 82 35 61 23 37 65 76 32 95 30 29 74 33 21 60 90 98 57 71 12 22 44 54 39 67 20 2 8 3 1 93 7 80 62 86 
5 26 57 14 29 74 60 73 37 47 96 42 0 45 51 99 23 13 30 82 24 25 64 22 52 6 49 97 
6 25 52 35 29 60 8 43 10 89 7 18 9 83 5 25 19 71 65 33 70 1 59 30 11 26 38 
7 30 96 78 14 69 53 20 43 39 1 21 82 86 60 10 71 6 93 38 23 75 16 33 4 54 98 30 88 99 12 97 
8 34 47 43 88 71 2 92 21 74 38 64 1 45 51 22 6 95 53 73 39 59 93 68 67 4 23 96 98 10 78 30 50 91 72 87 
9 26 53 82 94 74 46 28 96 43 42 98 32 1 67 51 50 33 68 77 6 97 49 30 18 85 16 83 
10 34 20 52 60 3 43 42 98 16 46 87 61 44 31 8 88 26 58 33 96 63 41 57 6 50 48 7 78 34 11 59 56 83 25 24 
11 27 42 82 52 69 29 53 47 92 41 1 62 65 99 12 72 64 89 79 10 98 97 85 3 26 40 16 6 
12 25 70 29 4 90 60 73 28 96 84 39 33 11 56 13 87 76 25 7 37 80 50 42 91 40 54 
13 25 59 69 73 47 84 32 15 51 80 86 91 49 75 5 19 12 31 45 1 93 43 95 55 94 26 
14 34 35 74 60 82 52 73 45 54 5 50 32 21 66 2 44 81 39 7 38 0 67 37 48 71 69 61 29 28 31 51 80 59 17 63 
15 32 89 79 47 31 40 93 70 38 35 64 88 85 41 74 68 20 13 57 92 56 86 67 23 33 69 51 22 62 65 59 72 87 
16 28 30 82 29 20 2 28 43 40 0 10 38 21 7 99 81 55 98 47 32 54 23 41 11 94 90 9 83 87 
17 28 34 27 94 69 61 20 60 2 37 31 96 43 32 44 38 95 78 86 65 33 99 53 47 14 35 83 64 24 
18 28 89 61 29 48 79 98 41 39 95 78 6 67 37 81 72 50 75 34 84 76 97 68 86 27 33 99 9 64 
19 25 66 85 27 61 29 73 31 57 40 0 1 70 38 89 22 50 23 56 13 87 2 71 47 75 6 
20 35 61 10 45 53 88 80 34 66 67 93 64 98 48 70 26 4 97 3 7 69 17 89 40 16 76 96 41 0 78 15 51 49 55 87 36 
21 27 61 33 82 14 69 74 4 8 1 89 54 66 45 48 50 16 99 85 27 76 73 44 92 7 37 65 71 
22 31 3 30 52 4 37 48 47 92 8 57 98 95 26 84 42 15 19 93 67 40 81 34 32 87 51 91 88 5 25 97 85 
23 30 43 54 27 35 61 74 4 60 73 31 8 1 7 78 15 62 33 77 59 3 19 39 99 51 5 16 56 55 83 24 
24 26 47 90 60 2 92 57 40 32 1 51 62 86 76 88 72 5 97 38 17 30 10 41 23 50 42 36 
25 25 29 82 94 48 3 57 84 41 45 78 50 77 87 5 12 22 71 62 68 67 86 10 6 56 30 
26 26 74 69 90 20 60 73 48 47 92 3 40 41 10 44 38 51 80 22 91 99 11 13 89 34 67 6 
27 33 82 65 63 77 19 70 37 55 93 91 45 51 94 81 71 39 46 64 23 80 67 56 85 17 36 2 28 47 84 40 21 18 68 
28 35 90 57 76 35 52 60 37 12 97 87 91 71 16 73 3 14 72 47 68 39 98 27 9 42 80 92 84 32 0 78 86 50 77 99 83 
29 35 52 38 87 25 61 5 44 58 49 67 74 6 59 95 73 11 81 12 88 98 89 16 18 14 19 4 79 47 31 40 39 70 51 30 76 
30 35 22 59 16 75 74 4 84 40 78 32 76 0 38 99 72 41 36 8 90 86 7 29 80 58 39 65 68 77 56 9 5 25 6 97 24 
31 35 53 73 79 92 14 47 19 50 23 17 46 48 61 60 3 42 58 78 96 90 36 15 80 87 29 40 32 41 1 10 91 99 72 66 13 
32 30 94 82 35 14 69 4 46 98 61 55 52 85 45 13 17 9 84 24 73 54 57 62 31 28 80 1 22 30 91 16 
33 27 21 74 4 2 46 3 96 42 84 0 10 7 15 34 18 65 9 17 82 66 47 48 95 12 23 63 6 
34 31 80 17 82 52 74 90 20 37 57 42 95 87 92 54 98 75 84 1 59 33 51 40 10 48 70 22 18 91 63 26 58 
35 35 94 52 14 73 37 4 68 32 43 23 75 90 28 56 95 45 47 48 83 76 2 55 44 6 81 60 46 92 57 42 15 51 59 72 17 
36 25 51 27 69 74 46 92 31 96 57 1 95 30 99 66 75 63 20 54 81 24 85 3 45 0 76 
37 34 35 48 27 82 14 4 73 45 41 3 66 96 90 79 44 85 63 34 28 64 17 71 60 5 22 92 40 1 21 18 68 99 58 12 
38 34 29 67 99 52 14 60 8 3 96 43 40 73 49 16 57 19 68 17 15 26 48 92 47 56 69 89 7 30 88 77 63 6 85 24 
39 34 41 27 52 14 4 48 79 28 8 3 0 7 82 67 60 40 92 1 46 81 18 29 54 12 95 93 45 51 30 50 91 77 23 83 
40 35 47 1 52 69 90 20 98 84 16 71 24 29 82 31 19 26 62 44 51 38 61 30 15 37 27 39 80 34 22 91 77 11 72 58 12 
41 35 94 39 50 69 73 37 96 57 84 92 42 72 18 26 79 20 55 56 11 83 85 31 25 43 98 10 89 78 15 80 62 30 16 64 24 
42 31 52 11 61 74 48 46 28 31 59 80 88 9 35 90 10 49 97 83 85 34 33 58 67 81 5 41 44 89 22 12 24 
43 35 8 81 23 82 94 35 48 96 70 16 72 17 9 91 50 7 6 52 53 98 38 66 61 57 10 41 0 1 89 62 68 49 59 13 75 
44 30 73 35 52 14 69 61 29 4 90 37 92 40 10 93 45 74 58 77 17 63 2 42 26 76 50 21 62 91 99 59 
45 30 20 95 27 94 35 52 14 61 37 92 8 32 93 70 59 39 50 63 5 64 48 25 49 88 44 21 62 76 13 36 
46 35 94 51 27 73 48 33 91 86 32 97 95 82 92 56 35 42 93 9 36 79 69 2 75 0 80 31 57 39 1 10 50 49 72 55 83 
47 35 53 92 8 40 24 82 35 60 28 69 50 22 5 27 1 58 11 54 52 15 26 29 71 13 97 31 38 95 62 33 16 72 17 75 19 
48 35 37 55 35 14 90 20 43 0 25 52 18 26 69 65 79 42 39 68 66 75 94 22 74 57 46 31 10 93 45 38 21 34 62 33 88 
49 29 73 94 29 90 42 84 70 45 38 80 62 13 46 87 75 68 20 64 55 92 59 99 43 60 93 77 9 5 71 
50 32 41 56 14 90 60 47 31 43 10 45 44 21 79 98 9 2 58 46 8 19 57 28 39 53 25 18 88 72 87 12 71 24 
51 31 46 77 36 27 60 8 84 40 93 67 95 14 26 29 87 15 13 20 39 24 53 35 73 9 5 80 34 22 86 65 23 
52 35 35 61 29 53 42 6 34 28 89 93 11 75 78 10 45 44 59 80 74 14 40 63 39 38 22 90 60 48 47 43 32 86 68 77 5 
53 32 52 47 31 86 72 9 58 82 69 74 90 95 3 54 20 0 57 70 75 81 7 92 99 87 11 2 8 43 51 62 50 17 
54 26 23 82 94 14 61 4 53 47 92 3 96 32 0 39 21 7 34 65 91 16 56 83 12 72 80 36 
55 26 48 27 94 35 2 79 3 32 41 0 78 62 65 49 16 13 63 81 1 20 66 77 93 46 23 85 
56 26 50 27 35 69 46 41 38 15 80 91 72 58 65 92 97 12 95 19 88 79 10 30 23 54 68 25 
57 35 28 5 4 53 73 48 79 43 19 61 82 41 94 36 22 25 2 46 93 34 64 72 24 81 35 98 84 32 10 70 38 89 15 50 68 
58 27 53 69 61 29 79 47 92 31 96 42 98 84 10 44 62 86 30 50 56 78 40 34 3 76 37 97 85 
59 28 30 13 94 52 29 92 8 42 1 70 45 34 65 49 99 10 14 97 35 43 44 23 15 80 77 71 6 85 
60 35 14 98 61 4 28 35 51 82 23 94 17 97 5 24 76 6 52 12 10 38 26 47 65 66 50 73 37 31 3 0 39 70 67 7 49 
61 35 52 20 3 21 82 23 79 45 18 65 29 42 14 60 70 19 44 74 58 17 4 88 54 62 78 31 43 57 84 40 32 0 10 67 89 
62 28 98 61 92 40 32 80 48 85 41 47 55 58 15 45 49 53 4 81 23 71 24 44 93 11 43 86 75 25 
63 26 27 82 52 74 37 79 98 10 45 44 55 75 78 36 14 68 93 70 66 33 38 3 34 85 64 97 
64 25 76 27 90 20 2 37 79 92 8 57 70 45 15 88 49 77 11 63 83 5 18 68 41 17 0 
65 29 27 66 94 61 4 60 73 2 48 0 67 89 30 80 51 59 17 84 55 33 21 54 15 11 79 88 56 83 6 
66 27 65 19 94 14 69 74 20 60 2 37 48 79 92 3 43 70 21 33 68 31 95 36 0 93 88 55 63 
67 32 38 27 14 69 29 74 4 20 8 42 39 90 3 72 51 95 71 97 61 98 65 9 60 84 88 15 22 18 68 77 26 25 
68 32 96 82 35 2 48 28 8 0 38 78 15 18 9 94 37 30 71 52 1 27 67 43 79 66 57 49 77 56 63 83 25 64 
69 35 82 90 14 53 32 17 2 44 40 7 56 81 67 26 1 58 41 13 21 11 3 66 0 99 36 20 48 79 46 47 98 84 38 78 15 
70 30 79 91 12 27 61 90 53 20 43 84 0 80 15 19 66 57 29 60 73 59 93 64 76 49 45 95 34 63 87 6 
71 25 8 27 14 74 4 37 28 47 40 0 67 89 7 62 76 68 25 19 1 59 86 21 49 50 6 
72 26 53 28 43 57 84 41 67 78 30 18 77 11 80 98 47 15 24 40 8 46 79 35 50 31 56 54 
73 35 35 2 96 93 44 49 14 29 31 81 87 23 57 65 46 60 5 13 41 19 84 12 37 26 91 28 8 3 98 32 70 38 89 21 51 
74 35 14 26 52 61 29 34 85 42 33 63 30 3 36 86 9 94 67 66 5 53 23 21 76 95 71 4 48 79 8 96 98 84 44 15 88 
75 27 30 94 35 52 53 48 46 84 7 34 18 88 49 77 13 83 62 2 79 43 97 93 99 47 36 63 19 
76 29 28 64 35 74 4 20 60 0 1 70 44 21 78 86 30 81 29 89 45 82 90 24 94 80 71 18 58 12 36 
77 27 51 27 96 84 44 89 86 91 23 68 28 72 85 98 64 67 75 40 9 52 38 25 39 30 49 59 55 
78 29 7 52 61 92 31 93 95 8 85 69 91 20 68 0 55 18 41 10 23 17 76 28 25 30 72 88 63 87 58 
79 35 90 70 80 97 61 2 37 48 96 92 91 18 57 39 74 69 55 31 95 58 15 63 66 29 64 46 41 93 50 65 68 11 72 56 75 
80 34 79 34 27 52 20 46 28 31 42 32 70 41 84 13 97 1 40 4 81 26 49 62 56 51 14 86 30 76 65 59 72 87 12 54 
81 28 43 27 82 35 14 69 29 53 73 2 92 57 42 0 39 89 80 22 62 76 18 88 99 3 16 55 87 36 
82 35 27 94 69 4 32 47 81 14 11 37 43 9 53 21 16 34 68 61 97 63 89 54 83 99 25 60 46 57 84 40 39 7 76 33 5 
83 25 90 82 35 2 42 41 75 0 85 96 46 98 17 28 23 54 16 65 64 10 68 39 6 1 9 
84 35 98 73 40 27 49 58 33 69 61 30 12 94 91 51 25 74 72 57 70 82 28 75 77 13 93 32 41 67 89 80 34 22 18 65 88 
85 26 19 27 94 74 2 37 96 42 32 41 93 21 78 15 62 77 11 63 9 83 55 59 22 58 38 36 
86 29 53 94 74 46 98 7 15 77 24 17 76 99 80 28 1 52 13 62 58 97 51 92 89 91 4 30 18 25 71 
87 25 29 94 90 53 73 28 31 10 51 34 22 49 15 12 8 50 70 16 81 80 25 20 3 78 19 
88 27 8 61 29 20 42 10 45 67 95 15 91 64 84 24 38 50 48 2 7 74 75 65 81 22 78 66 56 
89 29 90 15 18 82 52 29 20 2 93 95 71 42 57 81 41 19 21 65 38 6 61 84 43 77 73 86 76 11 26 
90 35 69 79 28 89 83 94 35 4 64 49 26 50 93 40 48 87 3 44 34 70 52 12 1 53 24 2 37 31 96 42 98 67 30 76 16 
91 26 70 27 73 79 46 28 96 43 84 78 86 31 44 54 56 39 88 40 32 8 26 13 77 34 22 12 
92 35 47 53 79 46 62 11 28 31 24 8 54 59 45 58 22 44 81 26 64 66 36 35 37 78 97 41 39 1 38 21 15 34 86 49 56 
93 35 73 27 94 52 90 20 46 8 57 84 48 4 15 0 39 78 79 85 51 45 99 96 2 44 89 70 7 22 62 49 66 13 75 55 63 
94 35 82 35 46 32 41 27 59 45 87 95 85 9 17 25 90 43 66 0 54 55 86 49 65 93 75 74 60 48 3 57 84 76 68 16 13 
95 29 45 94 35 29 74 4 53 2 79 46 8 39 67 36 70 17 88 18 78 89 51 99 47 22 34 33 66 56 13 
96 29 73 7 68 37 79 31 5 90 17 9 33 98 43 74 38 85 54 77 58 91 20 36 12 8 41 1 10 93 83 
97 25 79 82 20 60 46 28 47 92 42 67 80 86 18 11 59 56 75 9 63 22 58 30 24 7 5 
98 35 60 84 0 62 29 4 20 28 96 43 40 8 10 58 73 69 74 22 18 86 63 90 57 9 32 41 67 7 34 50 77 11 16 72 83 
99 27 38 82 69 53 93 95 21 86 30 49 2 16 31 7 11 81 37 44 17 26 59 5 18 36 28 23 75 
