100 1047
0 21 82 35 61 25 28 80 91 7 6 75 77 46 84 81 19 29 51 49 23 83 34 
1 21 85 98 28 11 89 21 69 46 49 67 44 39 53 84 26 41 33 47 9 78 62 
2 21 3 20 59 82 49 93 63 9 87 56 6 67 79 80 35 34 12 75 5 47 54 
3 21 24 14 64 74 28 65 36 2 54 86 81 52 25 45 53 40 60 19 89 59 27 
4 21 86 96 59 99 80 6 5 50 83 93 22 31 68 63 44 62 34 33 47 84 73 
5 21 32 23 57 74 95 87 82 11 89 2 91 54 92 43 39 72 29 4 44 68 69 
6 21 74 82 2 13 68 47 60 56 48 8 4 9 22 0 78 77 35 17 76 21 86 
7 21 74 85 27 23 0 77 50 32 30 36 83 34 19 69 66 93 46 70 72 75 12 
8 21 49 14 37 95 87 54 6 52 38 77 43 30 73 53 26 41 47 60 78 84 62 
9 21 77 87 99 65 11 36 2 6 18 52 40 22 31 68 39 30 73 62 53 84 1 
10 21 49 44 24 14 20 87 89 42 52 19 40 56 84 90 62 60 34 41 43 71 39 
11 21 25 89 79 82 1 5 38 49 60 53 58 48 36 35 9 75 51 52 18 54 92 
12 21 79 21 24 14 61 28 65 36 89 2 91 42 18 7 71 81 97 49 84 68 23 
13 21 88 78 64 85 37 61 28 59 82 36 6 92 18 21 35 46 94 67 72 93 57 
14 21 3 38 8 10 93 57 35 62 56 28 32 69 89 43 24 81 12 87 91 51 98 
15 21 83 20 99 65 54 42 86 16 18 35 17 63 94 60 72 57 29 77 97 55 31 
16 21 32 34 82 26 66 22 69 15 17 72 19 50 29 40 38 35 92 33 44 67 21 
17 21 36 24 64 85 98 59 27 82 6 16 92 18 75 77 83 15 56 41 60 81 22 
18 21 74 85 59 27 11 91 42 66 13 12 21 76 15 49 9 40 17 94 78 69 23 
19 21 89 3 74 61 65 32 7 16 23 70 0 50 92 56 43 75 72 31 97 10 94 
20 21 85 77 46 94 43 74 64 79 21 15 65 52 10 86 68 23 80 36 97 2 61 
21 21 12 20 95 99 80 6 18 50 46 1 48 52 39 90 67 33 76 16 13 63 38 
22 21 50 64 87 6 16 76 52 38 46 40 49 17 9 26 43 67 48 53 44 4 72 
23 21 5 83 24 20 36 80 54 7 34 50 12 38 18 75 49 51 19 78 46 40 0 
24 21 3 85 98 61 43 31 46 86 23 45 68 12 81 10 59 50 42 17 25 44 14 
25 21 98 11 3 24 74 97 33 42 54 55 44 76 56 75 82 71 68 65 79 0 66 
26 20 51 86 16 52 29 22 39 73 53 84 41 71 1 47 34 48 60 62 81 8 
27 21 65 66 85 61 39 89 42 7 67 72 3 84 18 81 90 62 71 86 17 78 91 
28 21 3 99 14 98 1 78 89 51 75 13 65 12 0 91 40 42 59 30 73 76 79 
29 21 92 98 96 99 79 32 86 16 5 75 0 83 72 33 63 71 31 26 78 48 15 
30 21 44 97 64 37 95 28 99 7 50 63 81 84 33 39 73 8 9 78 55 34 41 
31 21 80 24 36 32 45 66 69 77 19 29 88 67 9 4 48 72 41 40 57 15 68 
32 21 89 16 92 5 14 64 87 72 48 86 54 31 19 63 46 45 43 33 42 29 7 
33 21 99 37 25 32 16 66 21 52 69 77 29 94 88 57 4 30 41 1 47 53 60 
34 21 16 99 2 80 7 66 52 23 83 88 55 58 10 44 4 30 73 26 41 0 62 
35 21 0 14 37 65 11 2 91 45 6 16 13 97 58 55 71 90 57 15 69 50 93 
36 21 3 45 17 20 11 90 23 13 42 83 38 12 51 9 55 95 31 72 70 84 7 
37 21 98 56 85 81 96 13 78 80 66 92 53 70 8 33 97 90 48 91 30 35 95 
38 21 14 81 62 82 11 36 16 66 92 76 39 22 46 47 56 51 21 8 71 84 23 
39 21 68 96 95 61 99 27 5 21 38 83 67 93 55 9 81 1 10 47 26 90 30 
40 21 49 3 64 61 28 79 16 18 52 23 55 22 90 58 46 57 10 9 62 94 31 
41 21 97 85 79 45 66 50 94 88 17 55 10 31 26 47 8 30 33 34 1 62 60 
42 21 87 24 25 28 27 36 32 18 10 94 62 93 90 81 97 45 51 12 63 15 66 
43 21 20 24 14 64 96 82 32 66 5 52 19 88 67 55 22 57 10 72 60 8 62 
44 21 10 30 24 64 95 25 79 86 16 5 50 88 22 58 47 84 73 68 1 34 4 
45 21 36 3 24 61 82 89 32 86 51 35 83 69 90 72 78 31 48 41 60 49 42 
46 21 20 24 95 32 7 21 38 23 69 0 1 51 22 58 13 84 88 93 81 57 40 
47 21 64 99 2 91 54 6 92 52 38 69 77 57 44 39 4 26 41 33 8 48 1 
48 21 72 85 37 59 11 54 32 45 6 21 29 22 58 71 31 53 84 26 47 63 62 
49 21 96 40 10 8 87 79 11 2 45 92 18 12 23 70 0 94 67 71 83 1 22 
50 21 74 22 24 64 95 59 91 7 16 21 23 35 68 4 53 73 19 30 41 44 83 
51 20 53 26 14 98 96 61 28 59 11 36 91 45 42 38 23 0 46 93 55 71 
52 21 65 53 84 3 85 20 11 86 21 43 34 9 22 10 40 8 56 26 47 33 67 
53 21 52 51 3 37 61 79 11 77 50 55 22 63 9 8 81 84 78 26 48 1 33 
54 21 3 64 98 95 25 11 80 47 2 99 23 70 97 48 8 5 69 75 91 15 32 
55 21 87 25 36 35 77 40 15 67 43 72 90 39 63 53 73 81 56 41 51 34 30 
56 21 37 14 64 96 61 25 59 89 2 6 66 76 52 38 70 69 19 17 72 10 55 
57 21 5 14 95 87 82 89 91 66 35 83 46 40 15 88 93 47 90 13 33 43 31 
58 21 80 85 96 87 11 66 76 35 83 46 40 67 48 71 60 78 63 44 34 90 68 
59 21 95 3 24 98 28 17 65 56 97 2 18 13 4 80 68 50 48 51 96 87 82 
60 21 73 3 98 99 65 11 45 6 77 83 15 17 58 10 71 43 84 26 41 33 8 
61 21 24 70 13 45 27 39 76 79 19 56 53 12 40 20 63 97 0 81 94 51 89 
62 20 38 14 64 27 82 42 86 92 40 88 10 4 9 26 41 8 34 1 48 43 
63 21 96 98 61 87 99 79 2 80 32 42 21 77 29 15 55 58 71 53 30 4 48 
64 21 3 47 62 50 13 30 40 72 90 56 43 44 94 17 54 22 68 83 70 32 20 
65 21 3 27 52 20 25 28 59 93 78 90 19 9 15 12 35 97 75 80 60 94 89 
66 21 27 37 82 7 16 42 18 58 31 33 70 25 43 57 93 92 56 34 41 38 76 
67 21 83 98 74 96 79 27 2 16 21 49 88 43 13 58 1 52 71 39 55 31 22 
68 21 98 39 24 64 20 25 59 6 86 5 12 70 77 50 93 44 31 4 58 9 73 
69 21 74 14 99 54 45 7 16 18 76 70 31 71 83 90 46 56 5 33 1 47 35 
70 21 61 73 64 85 37 99 36 91 54 7 66 76 49 56 68 19 93 71 69 75 88 
71 21 89 96 25 27 80 12 38 70 69 75 35 29 49 67 58 10 60 51 48 63 26 
72 21 82 48 64 96 27 36 32 45 7 16 5 75 19 29 15 56 13 55 22 43 31 
73 21 70 60 85 96 28 79 92 77 50 94 55 44 30 8 78 9 34 4 68 26 81 
74 21 3 96 95 87 82 7 6 18 69 50 88 92 91 93 25 19 67 76 80 5 20 
75 21 79 95 25 28 87 65 11 89 2 54 7 92 76 23 70 71 0 29 17 72 19 
76 21 86 98 74 95 61 25 28 99 6 18 56 38 69 22 81 58 88 75 70 66 21 
77 21 20 9 7 6 0 90 55 33 31 53 73 68 63 80 47 94 17 97 60 8 15 
78 20 13 37 28 99 65 27 91 45 6 18 23 29 94 58 30 73 53 84 8 1 
79 21 85 12 75 88 93 20 61 25 99 73 41 49 63 29 44 53 40 11 67 28 2 
80 21 99 58 31 74 20 37 59 65 2 54 71 4 21 86 97 0 63 23 34 92 77 
81 21 38 3 24 14 85 37 61 27 42 12 76 0 46 17 55 39 30 53 73 84 26 
82 21 74 0 72 85 25 43 57 16 45 2 5 17 66 62 38 59 88 6 13 11 89 
83 21 23 15 67 64 87 36 45 7 69 0 93 17 4 60 29 34 39 58 50 57 49 
84 21 52 87 27 36 12 38 0 46 10 44 4 30 9 53 81 26 1 60 78 48 8 
85 21 24 20 79 1 58 94 52 81 17 73 37 96 13 70 82 41 7 27 18 48 95 
86 21 3 76 4 24 20 99 27 80 32 45 44 62 6 52 26 94 29 15 68 97 92 
87 21 74 42 55 14 98 95 59 5 57 8 22 32 83 75 9 63 49 58 84 10 2 
88 21 79 13 98 74 95 82 76 46 94 57 41 31 97 34 62 70 43 44 33 93 67 
89 21 11 32 19 71 90 3 14 28 27 56 65 12 10 5 61 45 82 57 1 75 91 
90 20 89 64 37 96 65 27 36 45 42 21 69 35 77 40 94 55 58 57 10 39 
91 21 98 14 74 37 28 78 57 51 93 47 27 0 70 89 5 12 50 18 94 35 54 
92 21 32 29 74 37 96 80 16 66 62 13 86 38 5 11 17 49 47 73 75 97 19 
93 21 79 14 74 96 65 2 91 7 42 66 70 83 46 88 51 4 35 68 57 39 13 
94 21 20 64 85 61 65 91 42 86 18 77 49 40 88 33 13 78 73 41 19 90 15 
95 21 74 59 37 30 75 76 85 98 21 50 39 54 44 87 8 57 46 88 97 5 36 
96 21 74 49 63 85 98 37 39 67 51 92 43 90 71 72 58 4 93 29 56 73 59 
97 20 30 41 20 37 95 61 25 59 65 80 54 42 86 92 12 35 77 19 15 88 
98 21 24 37 25 91 68 1 60 17 51 29 76 88 28 14 67 54 63 59 96 87 95 
99 21 28 80 33 9 47 4 15 29 78 70 79 69 39 60 76 30 21 63 34 86 54 
