100 4580
0 97 46 32 69 13 48 4 89 18 43 66 23 52 60 73 56 20 35 96 97 40 85 61 11 7 83 39 87 86 14 29 76 62 41 75 6 55 49 68 88 10 2 1 94 44 72 53 99 31 37 9 64 74 33 91 65 38 90 17 57 67 79 47 80 71 36 15 16 27 77 42 30 50 28 51 25 5 24 22 98 78 81 63 95 19 26 59 70 84 34 8 3 12 92 21 93 58 82 
1 91 89 32 69 13 4 18 43 66 23 52 60 46 0 29 10 2 44 49 76 74 91 90 64 7 31 75 37 79 47 36 27 50 5 38 24 98 40 41 88 16 42 78 63 95 19 26 59 70 15 84 34 8 83 62 55 68 72 71 99 20 28 73 85 25 54 39 11 17 86 48 56 6 97 67 45 3 94 81 12 92 82 33 21 57 9 80 51 87 14 22 93 
2 98 97 53 32 69 13 48 4 89 18 43 66 23 52 60 73 56 46 20 35 96 0 29 10 94 77 85 11 30 44 93 6 42 19 67 1 39 45 86 7 24 65 99 90 81 49 76 74 26 91 3 64 31 8 78 68 75 37 58 80 12 88 83 33 79 71 40 47 59 51 36 63 17 27 21 50 5 38 57 92 98 84 41 16 95 70 15 62 55 72 28 25 54 9 87 61 14 22 82 
3 88 53 32 69 13 48 4 18 43 66 52 60 56 46 35 29 10 2 94 44 99 49 76 74 91 64 7 31 75 37 47 36 38 78 70 15 84 34 8 62 55 1 72 28 25 11 6 67 39 45 20 96 63 89 54 79 23 81 90 27 85 50 65 73 83 5 17 0 97 24 68 42 98 12 92 33 40 21 71 30 87 41 57 80 77 86 51 58 82 
4 93 48 89 23 56 24 32 69 13 36 59 98 9 46 66 82 5 42 51 20 37 49 52 63 60 83 18 73 38 72 53 87 86 45 44 94 78 40 35 55 7 1 96 29 90 11 85 99 6 62 27 0 50 41 97 95 10 67 28 43 79 61 22 12 2 39 76 74 25 91 71 64 31 88 75 47 54 14 16 19 26 3 84 34 68 81 33 21 57 80 77 65 93 58 
5 96 13 32 69 48 4 89 18 43 66 23 52 60 73 56 46 20 35 96 0 97 10 2 94 44 53 99 49 76 74 91 90 64 7 31 75 37 79 47 36 27 50 42 29 38 25 24 92 58 54 98 57 28 40 41 84 88 59 11 67 93 87 16 8 34 78 63 95 19 26 70 65 12 15 83 62 85 55 1 6 72 30 39 3 68 33 21 71 17 9 80 77 86 51 14 22 82 
6 89 91 51 69 48 4 89 43 73 46 20 96 0 29 10 2 94 44 53 99 76 74 64 75 79 47 50 5 24 98 40 41 88 16 42 78 63 95 26 70 15 84 34 8 83 62 55 1 72 28 25 54 11 85 35 67 19 39 49 66 77 45 3 71 59 97 7 90 38 68 81 12 92 33 13 56 21 31 37 18 17 80 30 57 86 61 14 65 93 58 
7 95 60 32 69 13 48 4 89 18 43 66 23 56 46 20 35 96 0 97 29 10 2 94 44 53 99 49 76 74 91 90 64 31 15 67 47 26 17 52 73 28 75 39 71 21 58 40 70 37 3 41 79 25 36 16 45 27 50 98 33 5 19 38 84 24 88 93 54 42 78 63 95 59 34 72 8 83 62 55 1 11 85 6 68 81 12 92 57 9 77 86 51 87 14 22 82 
8 91 29 32 69 13 89 18 66 23 52 60 73 56 35 96 97 10 2 44 99 49 74 91 90 64 7 31 37 79 47 36 27 50 5 38 24 98 40 41 88 16 42 78 63 95 19 26 59 70 15 84 34 14 83 11 67 75 62 86 20 55 0 48 51 46 1 94 72 28 25 68 92 54 65 71 45 43 53 85 6 39 3 81 33 21 57 9 77 87 61 93 82 
9 87 60 32 69 13 48 4 89 43 23 52 73 56 46 20 35 96 0 97 29 94 53 99 49 76 74 90 75 37 79 98 88 63 84 83 55 39 45 68 81 12 92 21 71 17 30 57 77 47 1 10 78 2 18 44 91 26 64 95 7 61 66 24 31 36 27 50 54 5 40 38 41 16 33 42 19 59 70 80 15 34 8 51 87 14 65 22 58 
10 96 46 94 49 31 62 32 69 13 48 4 89 18 43 66 23 52 60 73 56 20 35 96 0 97 29 2 36 44 74 53 54 55 99 70 80 6 91 84 76 68 90 79 26 88 75 11 64 86 7 37 47 63 51 27 24 33 45 50 98 5 93 38 40 41 67 34 39 95 16 42 71 78 3 19 59 15 8 1 83 30 92 72 28 85 81 12 57 9 77 87 61 14 65 22 58 82 
11 86 94 69 48 4 89 43 23 52 46 20 96 0 29 10 2 44 53 99 49 76 91 64 7 31 79 47 36 27 50 5 24 98 40 41 88 16 42 78 63 95 19 26 59 70 15 84 34 8 83 62 55 1 72 28 25 54 39 18 68 30 33 66 45 32 38 85 81 6 74 93 67 3 12 92 21 97 90 58 71 60 17 80 61 65 22 82 
12 87 46 32 13 4 89 18 43 66 52 73 29 2 94 76 74 64 31 75 37 27 5 38 16 78 63 95 26 70 34 55 1 28 25 11 6 67 45 3 68 81 24 87 98 72 60 77 48 91 92 69 88 35 58 15 56 42 79 47 84 36 59 40 9 20 22 19 33 23 83 7 0 96 53 62 44 80 97 99 10 50 21 71 17 30 57 51 61 
13 94 32 74 75 5 69 9 48 95 4 77 19 96 26 70 86 37 89 35 12 38 14 79 42 40 76 85 84 72 41 49 65 34 28 8 91 78 88 64 59 18 39 52 97 90 29 66 1 10 3 93 46 94 57 55 2 20 80 92 7 51 83 31 16 81 87 47 36 61 56 17 22 58 63 62 0 25 44 27 50 82 21 43 23 60 73 53 99 24 98 15 54 6 68 33 
14 83 16 32 69 13 4 89 18 43 66 23 52 60 73 56 20 35 96 0 97 29 44 53 49 76 74 91 90 31 37 36 27 40 63 95 59 8 62 85 33 57 80 86 87 61 64 10 6 99 28 2 1 46 55 38 7 48 19 94 75 79 47 50 71 5 30 24 9 98 41 51 88 42 15 68 78 77 26 70 84 72 25 65 22 
15 90 96 32 69 48 89 66 23 52 73 56 46 20 35 0 97 10 94 44 53 99 49 74 90 64 7 31 37 79 47 36 27 50 5 38 24 98 40 41 88 16 42 78 63 95 19 26 59 70 33 84 39 29 75 34 82 8 13 2 57 62 43 60 11 83 55 18 1 72 28 25 76 21 54 91 85 6 80 67 51 45 3 81 12 92 71 9 61 14 65 58 
16 94 23 14 32 69 13 48 4 89 18 66 52 60 73 56 46 96 0 97 10 44 53 99 49 76 74 91 90 64 7 31 75 37 79 47 36 27 50 5 38 24 98 40 41 88 20 87 65 42 35 15 43 78 63 84 95 19 26 34 29 59 70 8 83 62 55 21 6 72 2 1 28 25 54 12 11 39 85 67 45 92 86 33 71 17 30 57 9 80 77 51 61 22 93 82 
17 83 92 32 13 48 89 18 23 46 20 35 96 0 97 2 94 99 76 91 90 7 31 75 37 79 27 98 41 88 78 63 19 70 1 28 25 54 11 85 6 67 39 45 3 21 71 33 16 61 26 74 42 84 5 68 49 29 82 64 81 36 47 50 12 30 95 57 38 87 52 73 9 24 44 93 80 51 77 40 59 86 60 22 58 
18 95 32 69 13 48 4 89 30 75 47 54 63 43 49 66 38 71 51 80 23 12 74 92 52 45 64 57 44 36 3 91 77 83 8 10 2 90 76 60 72 1 7 0 28 19 68 34 86 97 16 22 58 31 37 62 73 84 82 79 42 39 56 27 87 53 46 20 59 50 35 94 96 93 61 99 78 29 5 24 98 17 14 40 41 88 26 15 55 25 11 85 6 81 33 21 9 
19 94 94 28 82 69 13 48 4 89 18 66 23 52 60 56 46 97 10 2 44 53 99 49 76 74 91 90 64 7 31 75 37 79 47 36 27 50 5 38 24 98 40 41 88 16 42 78 63 95 26 25 57 73 1 51 59 77 54 65 70 0 20 35 15 86 72 96 93 17 11 32 43 83 84 29 34 92 8 85 62 55 87 6 67 39 68 81 12 33 71 30 9 61 14 58 
20 97 66 47 32 69 13 48 4 89 18 43 23 52 60 73 56 46 65 25 99 11 77 35 64 86 9 36 51 50 22 68 7 85 87 80 53 96 0 97 29 42 91 17 70 88 30 79 44 90 15 78 10 41 2 57 61 94 49 31 93 67 76 71 58 74 75 37 27 33 39 54 5 38 63 14 24 82 81 92 6 98 21 40 16 19 26 59 84 34 8 83 62 55 1 72 45 3 12 
21 90 27 32 69 13 48 43 66 23 52 60 56 46 20 35 2 94 53 99 49 90 64 7 75 37 79 36 38 98 16 42 95 26 15 62 28 25 11 6 45 3 81 12 92 33 89 44 71 88 55 31 74 59 67 54 4 68 17 76 47 1 83 8 70 30 91 73 96 84 9 50 18 5 97 57 72 80 0 24 40 85 41 77 51 87 61 65 22 93 58 82 
22 82 99 32 69 13 48 4 89 18 43 23 60 73 56 46 20 35 96 0 97 29 53 76 91 90 64 31 75 37 27 24 40 41 59 70 84 34 83 55 28 54 68 12 71 30 57 87 61 65 10 77 44 33 88 49 11 47 42 98 17 2 92 81 1 7 78 45 94 16 74 36 14 79 21 66 50 86 5 9 52 38 67 58 
23 95 4 46 29 16 71 65 32 69 48 89 18 43 66 96 42 7 8 52 61 14 37 84 83 67 20 85 35 30 33 76 0 59 78 54 60 34 73 56 63 13 68 95 97 70 11 10 5 21 53 9 74 62 58 86 31 1 2 94 19 22 91 44 26 90 57 99 77 50 25 51 38 40 93 55 15 72 17 82 41 49 75 64 79 47 36 27 24 98 28 45 3 81 12 92 87 
24 97 4 32 69 48 89 18 66 60 73 56 46 20 35 96 0 97 10 2 44 53 99 49 76 74 91 90 64 7 31 75 37 79 47 36 27 50 5 38 98 40 86 11 29 51 16 94 55 41 42 88 15 78 63 22 95 34 19 26 59 70 87 84 8 83 62 43 1 72 28 13 25 23 85 54 61 6 81 52 67 39 45 3 68 12 92 33 21 71 17 30 9 80 77 14 65 93 82 
25 87 34 69 13 48 4 43 23 52 73 56 20 96 0 29 94 44 53 99 91 64 7 31 75 37 79 47 36 27 50 5 38 24 98 40 41 16 42 78 63 95 19 26 59 70 15 84 8 83 62 55 1 72 28 88 66 86 18 54 17 11 85 6 71 67 89 60 32 2 39 45 87 3 68 81 12 92 46 35 33 74 21 30 80 77 61 14 93 
26 90 90 69 13 4 89 43 66 23 52 60 73 56 46 35 96 97 10 2 94 53 99 49 76 74 91 64 7 31 75 37 79 47 36 27 50 5 38 24 98 40 41 88 16 42 78 63 95 19 93 58 59 70 15 82 8 32 18 12 20 29 72 48 84 45 34 44 83 62 21 55 71 65 0 1 28 25 39 54 11 85 6 67 68 33 17 57 9 51 87 14 
27 97 49 38 21 32 13 48 4 89 18 43 66 52 60 73 56 46 20 35 96 0 97 29 10 2 94 44 53 99 76 74 91 90 64 7 31 75 37 79 47 36 50 28 25 59 45 23 11 5 24 51 39 68 98 19 40 41 88 17 81 16 80 82 92 71 22 42 14 34 78 63 15 95 26 12 65 70 33 1 84 8 83 62 55 72 54 85 67 3 30 57 9 77 86 87 61 93 58 
28 84 19 32 69 13 4 18 43 66 52 46 96 0 29 94 44 53 99 74 91 90 64 7 31 75 79 47 36 27 50 5 38 24 98 40 41 88 16 42 78 63 95 26 59 70 15 84 34 8 83 62 55 1 72 25 54 11 30 45 49 80 85 6 76 37 67 10 97 2 39 23 22 3 68 73 17 81 12 92 33 61 21 71 77 14 
29 98 23 95 8 39 86 32 69 13 4 89 18 43 66 52 60 73 56 46 20 35 96 0 97 10 37 2 94 91 51 3 90 61 25 53 58 9 68 82 54 77 40 34 87 57 44 99 11 71 72 49 76 41 85 83 74 64 31 50 80 7 6 67 75 79 22 45 81 47 28 93 36 1 59 70 78 12 27 92 48 14 65 5 38 24 98 88 16 42 63 19 26 15 84 62 55 33 17 30 
30 85 81 93 69 48 89 18 23 73 46 20 96 0 97 10 2 94 99 91 37 79 5 38 40 41 78 55 28 11 3 21 71 17 36 98 63 52 44 29 34 42 24 95 57 45 85 43 53 66 9 6 35 19 60 88 68 56 33 25 47 83 59 49 67 65 54 76 70 51 22 74 61 27 39 90 72 87 77 16 58 12 64 80 86 14 82 
31 95 10 84 32 13 48 4 89 18 43 66 23 60 73 56 46 20 35 96 0 97 29 2 94 44 53 99 49 76 74 91 90 64 7 75 52 28 81 71 51 70 37 79 80 17 47 58 88 36 41 25 27 16 86 82 54 87 1 50 5 38 33 24 11 98 40 12 42 22 78 63 95 61 19 14 3 26 65 68 8 59 15 34 62 72 85 6 67 39 45 92 21 57 9 77 93 
32 91 69 13 18 52 60 76 73 84 56 36 93 0 7 50 54 33 87 86 97 95 82 28 9 66 27 21 45 98 40 51 43 34 15 22 80 58 46 48 70 39 61 23 14 3 41 20 35 5 59 12 65 8 88 92 96 38 83 4 17 62 75 24 29 16 47 89 42 10 55 63 68 2 1 94 67 44 79 31 53 99 49 74 91 90 37 19 26 25 11 81 77 
33 90 50 87 32 69 48 89 43 66 23 60 73 20 35 96 0 97 10 2 94 76 74 91 7 31 75 37 36 27 38 70 15 72 28 25 54 11 6 45 3 81 12 92 83 44 47 53 85 49 29 90 34 4 13 5 24 95 21 98 40 41 88 63 84 99 59 79 71 68 61 67 1 18 64 16 42 39 78 19 14 26 8 17 30 57 9 80 77 22 93 58 
34 88 78 25 32 13 48 89 18 66 23 52 60 73 56 35 96 97 29 10 94 44 53 99 49 74 90 64 7 37 79 47 36 27 50 5 38 24 98 40 41 88 16 42 63 95 19 26 59 70 15 84 86 76 91 81 31 8 1 57 83 75 62 45 61 55 85 72 22 28 54 80 11 0 4 6 67 71 20 68 39 3 12 92 33 30 9 87 65 82 
35 95 46 80 32 69 13 48 4 89 18 43 66 23 52 60 73 56 20 67 37 82 96 53 26 77 70 0 83 72 86 15 97 62 74 2 38 29 51 49 84 14 10 94 31 40 65 44 71 3 90 85 68 24 22 17 64 99 87 93 76 81 91 5 61 7 75 79 57 34 8 58 63 47 36 9 45 27 50 98 33 41 21 88 16 42 78 19 59 55 25 54 6 39 12 92 30 
36 98 96 32 69 13 48 4 89 18 43 66 52 60 73 56 46 20 35 0 97 29 10 2 94 44 53 99 49 76 74 91 90 64 7 31 75 37 79 47 27 50 5 23 38 3 25 24 72 98 40 21 16 78 41 88 59 71 83 77 26 42 15 28 61 92 80 19 81 54 63 95 70 11 84 14 34 8 62 55 33 1 85 67 39 45 68 12 17 30 57 9 86 51 87 65 22 93 58 82 
37 96 96 68 69 13 48 4 89 18 66 23 52 60 73 56 46 20 35 0 97 29 10 2 94 44 53 99 49 76 74 91 90 64 7 31 75 41 51 81 79 84 47 36 17 19 71 42 1 87 34 43 8 83 27 50 32 5 14 88 38 24 3 12 92 25 65 33 98 57 62 40 93 16 78 21 30 63 9 95 26 22 15 59 70 72 28 54 85 6 67 39 80 77 86 61 58 82 
38 98 27 63 70 32 69 13 48 4 89 18 43 66 23 60 73 56 46 20 35 96 0 97 10 2 44 53 99 49 76 74 91 90 64 7 31 75 37 79 47 36 50 5 52 1 29 55 24 94 98 40 41 54 88 16 21 42 12 65 78 33 30 67 3 72 95 19 92 26 59 15 84 34 28 45 68 39 87 8 83 62 25 11 85 6 81 71 17 57 9 80 77 86 51 14 22 93 58 82 
39 86 29 32 13 48 4 89 18 52 60 73 56 46 20 0 97 10 2 94 53 99 76 91 64 7 79 47 27 38 24 98 40 88 16 78 95 26 70 15 84 34 8 83 62 55 1 72 28 25 54 11 85 6 67 45 43 96 49 35 63 69 3 44 80 74 68 90 31 75 50 37 36 81 9 17 77 41 42 5 86 19 59 92 33 71 30 58 
40 96 46 32 13 48 4 43 66 23 52 60 56 35 96 0 97 29 10 2 94 44 53 99 49 76 74 91 90 64 7 31 75 37 79 47 36 27 50 5 38 24 98 89 30 83 18 61 42 85 73 86 41 88 69 34 22 16 78 54 63 20 95 19 26 11 59 80 25 70 28 72 15 84 8 14 1 92 62 6 55 67 39 3 68 81 12 33 21 17 9 77 51 87 65 93 58 82 
41 97 90 32 13 48 4 43 23 52 60 73 56 46 20 35 96 0 97 29 10 94 44 53 99 49 76 74 91 64 7 31 75 37 79 47 36 27 50 5 38 24 98 40 30 88 15 58 17 16 2 89 54 42 78 65 61 63 57 95 71 19 69 18 26 59 70 72 67 66 84 34 8 83 62 55 22 1 28 25 11 85 6 39 45 3 68 92 33 21 9 80 77 86 51 87 14 93 82 
42 95 52 32 69 13 48 4 89 18 43 66 23 60 73 56 46 20 96 0 97 10 2 94 44 53 49 76 74 91 90 64 7 31 75 37 79 47 36 27 50 5 38 24 98 40 41 88 16 45 81 28 78 15 29 35 11 77 99 63 68 95 19 26 59 65 84 86 34 70 85 6 21 8 82 83 87 67 62 55 1 25 72 54 39 3 12 92 33 17 30 9 80 51 61 14 22 
43 94 89 66 97 44 58 32 69 48 4 18 86 46 35 42 6 45 88 13 81 3 1 0 62 51 71 53 40 94 5 29 92 47 72 26 27 57 87 33 68 49 54 28 14 79 96 25 56 10 2 38 98 36 20 23 76 22 9 99 85 74 82 78 91 55 84 52 60 73 61 12 90 64 41 21 63 7 65 31 80 11 75 37 50 24 16 95 19 59 15 8 83 39 30 93 
44 99 43 32 69 13 48 4 18 66 23 52 60 73 56 46 20 35 96 0 97 29 10 2 94 53 34 99 89 49 55 76 98 91 40 83 74 1 92 57 70 88 25 90 64 7 68 80 19 75 50 65 31 87 37 78 15 72 8 79 47 3 61 62 36 27 81 5 59 84 28 38 54 24 11 41 85 14 16 6 42 63 67 95 26 39 45 12 33 21 71 17 30 9 77 86 51 22 93 58 82 
45 87 75 61 32 69 48 4 89 18 43 66 52 60 73 56 35 97 29 10 2 94 49 76 74 91 90 64 7 27 38 24 88 16 42 78 95 26 59 70 15 84 34 8 83 62 55 1 72 28 25 11 85 6 67 39 82 17 63 46 36 54 79 23 3 47 68 98 81 51 12 86 92 93 31 9 44 33 99 20 41 21 71 30 57 77 65 22 58 
46 94 23 35 0 10 91 40 12 32 69 13 48 4 89 18 43 66 52 60 73 56 20 41 49 64 30 9 76 17 87 88 21 78 75 57 55 74 96 90 65 28 2 97 11 16 29 1 5 7 6 94 22 37 63 44 53 79 83 99 67 19 42 26 70 47 27 39 62 31 36 50 38 3 24 86 68 98 59 95 15 92 84 8 72 25 54 85 45 71 77 51 14 93 58 82 
47 98 20 32 13 48 4 89 18 43 66 52 60 73 56 46 35 96 0 97 29 10 2 94 44 53 99 49 76 74 91 90 64 7 31 75 37 79 36 34 27 23 11 71 50 83 95 59 80 3 5 28 38 24 19 72 15 86 98 85 51 40 87 62 8 65 41 68 88 55 16 42 78 84 63 26 70 6 1 25 54 67 39 45 81 12 92 33 21 17 30 57 9 77 61 14 22 93 58 82 
48 94 69 4 98 32 13 63 85 54 25 87 37 59 44 11 38 17 88 5 46 79 6 24 45 71 92 35 67 99 3 47 61 22 53 21 40 15 57 39 49 19 34 20 62 36 30 84 68 7 89 9 10 2 80 93 18 55 73 76 77 27 97 31 50 41 96 64 43 66 23 33 52 56 58 94 42 75 86 74 0 16 83 60 29 90 26 70 8 1 72 81 12 51 14 82 
49 96 10 27 77 32 69 13 48 4 18 43 66 23 52 60 73 56 46 20 35 96 0 97 29 2 94 44 53 99 76 31 1 74 91 26 84 37 58 90 64 72 21 7 81 89 75 54 45 79 50 15 67 3 68 5 34 47 11 36 38 80 9 87 24 70 41 98 14 93 40 8 88 85 16 42 78 83 63 95 86 19 59 62 55 28 6 39 33 71 17 30 57 51 61 65 22 82 
50 96 60 33 32 13 48 4 89 18 66 23 52 73 56 46 20 35 96 0 97 29 10 2 94 44 53 49 76 74 91 90 64 7 31 75 37 79 47 36 27 41 99 93 95 80 5 38 24 11 98 40 54 88 16 42 78 63 19 26 43 77 59 70 72 87 86 82 15 83 84 85 34 8 28 62 69 55 1 25 6 61 51 67 39 3 68 81 12 92 21 71 17 9 14 65 22 58 
51 83 6 32 69 13 4 89 18 43 66 23 52 60 73 20 35 0 97 29 10 2 76 74 91 31 37 47 27 50 24 63 19 59 15 8 72 67 45 17 30 57 80 77 86 42 87 3 44 94 1 9 21 79 56 46 65 71 98 36 75 16 5 53 78 38 48 61 40 41 12 96 88 99 90 64 68 49 7 82 93 95 26 14 58 
52 97 32 42 13 48 4 89 18 43 66 23 39 10 57 35 60 78 74 73 95 44 47 11 49 25 56 80 46 16 70 19 51 20 88 63 96 0 9 97 29 40 61 79 28 12 26 45 21 71 75 37 84 53 15 36 14 72 99 59 2 27 8 34 86 94 83 69 3 62 55 50 41 1 67 76 90 91 5 54 85 68 64 7 31 38 24 98 81 92 17 30 77 87 65 22 93 58 82 
53 95 2 3 81 32 69 48 4 89 18 43 66 23 52 60 73 56 46 20 35 96 0 97 29 10 94 44 22 13 6 41 99 77 34 49 76 37 74 11 65 91 88 39 90 70 36 64 28 7 16 61 38 24 84 31 75 25 21 79 47 27 50 5 93 98 40 42 54 68 78 62 63 67 86 26 71 95 19 59 15 9 14 8 83 55 72 85 12 92 33 30 57 80 51 87 82 
54 90 94 32 69 48 4 18 43 23 52 56 20 96 29 10 44 53 99 49 91 90 64 7 31 75 79 47 36 50 5 38 24 98 40 41 88 16 78 63 95 19 26 59 70 15 84 34 8 83 62 55 1 72 28 25 76 39 27 97 33 92 74 13 35 2 82 81 89 11 37 85 46 66 42 17 6 71 73 87 60 67 22 45 3 68 21 30 9 80 86 61 
55 84 63 72 32 69 13 48 4 89 43 66 23 52 60 73 56 46 96 0 10 44 99 90 64 7 79 47 36 50 5 38 24 98 40 41 88 16 42 78 95 19 26 59 70 15 84 34 8 83 62 2 20 6 1 22 30 67 57 28 53 25 18 68 45 54 27 49 11 85 92 35 65 76 9 39 93 97 3 81 12 29 91 21 61 14 
56 94 4 96 32 69 13 48 89 18 43 66 23 52 60 73 7 35 29 46 45 87 20 97 55 0 40 39 10 61 67 41 19 2 94 95 78 25 82 68 74 76 79 93 21 58 27 44 72 53 54 50 99 71 49 91 9 84 65 88 26 90 98 34 37 64 31 36 75 47 5 38 14 24 16 3 59 22 42 63 70 15 8 83 62 1 85 6 12 92 30 57 80 77 86 51 
57 82 92 69 13 48 89 18 43 23 52 60 73 46 20 35 96 0 29 2 94 44 99 76 90 37 79 5 98 41 88 95 19 15 34 55 72 81 21 71 17 30 56 74 45 97 4 33 87 53 85 26 9 14 12 3 10 66 80 70 22 59 78 77 49 86 84 1 6 58 8 16 91 64 7 36 75 31 47 51 27 38 61 93 
58 81 43 32 69 13 48 89 18 66 23 73 56 20 35 29 2 94 99 49 74 91 64 7 31 79 5 98 41 88 78 63 26 59 83 11 85 68 81 12 92 30 57 86 61 93 67 4 9 82 33 40 47 52 76 97 3 65 75 22 17 37 70 15 51 45 95 6 36 39 84 46 19 38 60 21 96 10 27 50 0 44 71 
59 96 66 83 32 69 13 48 4 89 18 23 52 60 73 56 46 96 97 29 10 2 94 44 53 99 49 74 91 90 7 31 75 79 47 36 27 50 5 38 24 98 40 41 88 16 42 78 63 95 19 26 76 20 70 64 68 15 37 35 84 82 45 58 34 43 8 0 62 14 65 55 1 72 28 51 22 80 25 54 11 87 85 6 67 39 81 12 92 33 21 17 30 57 9 77 61 93 
60 94 32 64 7 50 9 69 4 89 18 43 66 23 52 10 13 84 34 40 68 79 95 24 67 46 48 62 3 1 20 42 35 39 47 8 53 73 49 56 51 97 45 96 65 81 99 41 57 36 98 0 76 82 83 78 72 55 29 5 74 91 38 14 59 21 26 33 88 31 77 27 19 2 16 94 86 44 90 75 37 63 22 70 15 25 54 11 12 92 71 17 30 80 93 58 
61 81 45 32 69 13 48 4 89 18 43 23 52 73 56 20 35 0 97 29 44 53 99 76 74 91 31 36 50 24 40 41 63 95 34 28 85 68 81 33 17 30 57 9 80 77 86 51 87 55 88 16 84 59 21 82 19 58 14 65 22 12 10 47 8 27 49 2 94 42 70 64 15 6 25 11 37 78 83 93 54 62 66 
62 86 10 32 69 13 48 4 89 18 43 66 23 52 60 73 46 35 0 97 44 53 76 74 90 64 7 37 79 47 36 50 5 38 24 98 40 41 16 42 78 63 95 19 26 59 70 15 84 34 8 83 55 1 56 81 21 72 29 27 6 28 20 88 96 91 2 94 93 25 31 54 11 68 14 39 67 85 99 45 49 75 3 12 71 80 61 65 
63 93 38 55 32 69 13 48 4 89 18 43 23 52 60 56 46 20 35 96 97 10 2 44 53 49 76 74 91 90 64 7 31 75 37 79 47 36 27 50 5 24 98 40 41 88 16 42 78 95 0 19 61 17 99 66 26 73 59 29 70 65 94 15 84 58 72 68 6 82 51 34 11 8 25 83 62 1 12 28 9 14 54 67 39 45 3 81 92 33 30 80 86 87 93 
64 96 60 13 48 4 89 18 43 66 52 56 46 20 35 96 0 97 29 10 2 94 44 53 99 49 76 74 91 90 23 85 21 22 26 40 73 12 7 83 25 62 6 93 31 75 70 37 27 79 47 36 45 16 50 84 58 34 55 41 71 5 38 1 24 67 72 98 88 81 42 39 78 8 54 63 28 92 95 15 19 11 3 59 68 33 17 30 57 9 77 86 51 87 61 14 65 82 
65 82 23 32 69 13 89 43 66 60 73 56 46 20 35 0 97 29 2 44 53 91 90 31 75 37 47 27 5 38 41 16 42 63 19 26 59 8 55 85 3 92 30 77 51 87 61 68 11 74 6 88 21 81 96 52 4 78 79 50 94 45 40 83 36 24 95 70 67 10 64 15 22 99 14 84 80 34 9 49 98 76 62 58 
66 95 43 20 59 32 69 13 48 4 89 18 90 23 94 51 21 97 68 52 86 70 15 14 49 67 95 47 45 26 33 60 37 65 73 55 93 29 84 1 56 3 81 79 12 58 71 34 0 8 10 83 35 91 19 38 46 62 7 64 96 2 36 44 53 50 99 72 28 76 74 31 75 42 27 5 88 87 40 24 16 98 92 41 63 25 54 11 85 6 30 57 9 80 61 22 82 
67 90 94 32 69 48 4 89 66 23 52 60 73 56 46 20 35 96 0 97 29 10 2 44 53 99 49 76 91 90 64 7 75 79 47 5 38 24 98 40 41 88 16 42 78 95 70 15 84 34 8 83 62 55 1 72 28 25 54 11 85 6 63 19 39 45 74 3 71 51 17 68 81 31 37 36 27 50 87 26 12 59 92 33 21 30 80 77 86 65 22 58 
68 90 37 32 69 48 89 18 43 66 23 52 60 56 46 20 35 96 0 29 10 2 94 44 53 49 76 74 31 75 47 27 38 88 42 78 63 95 59 70 84 34 8 83 62 55 1 28 25 11 6 67 39 45 3 7 24 79 58 90 36 91 73 72 22 5 97 19 13 4 77 99 26 64 81 50 98 61 12 40 9 41 54 92 33 21 71 17 30 51 14 65 
69 91 32 48 73 51 13 60 94 0 42 37 8 9 14 22 33 62 5 29 10 79 45 68 77 63 76 82 49 95 70 35 80 26 83 4 58 55 56 67 7 46 23 65 19 59 87 75 97 30 43 61 2 21 44 1 57 16 72 20 89 6 71 86 74 38 24 99 15 84 18 93 53 28 66 3 25 91 54 36 96 11 90 52 50 98 40 41 88 85 39 12 92 
70 93 38 85 32 69 13 89 66 23 52 73 56 46 20 35 97 29 10 94 44 53 49 76 74 90 64 7 31 75 79 47 36 27 50 5 24 98 40 41 88 16 42 78 63 95 19 26 59 33 34 6 15 84 96 37 8 0 83 67 62 2 39 60 55 99 1 91 72 71 45 28 25 54 17 22 11 3 68 81 12 48 92 21 30 57 9 80 77 86 61 14 65 58 82 
71 87 23 69 48 4 18 43 66 52 73 56 20 35 96 0 97 29 10 2 94 53 99 76 90 64 7 31 37 47 36 27 41 88 26 70 34 8 1 25 54 11 85 6 67 45 3 81 92 33 21 60 39 82 49 68 74 89 95 46 44 28 12 17 16 19 50 91 75 79 5 72 83 38 24 30 57 98 9 62 15 22 80 77 51 87 14 93 58 
72 88 55 69 13 4 89 18 43 66 23 52 60 73 56 35 96 0 29 94 44 99 49 91 64 7 75 79 47 36 50 5 38 24 98 40 41 88 16 42 78 63 95 19 26 59 70 15 84 34 8 83 62 1 74 10 28 31 48 51 25 57 97 76 54 33 82 90 77 53 11 67 2 85 37 6 46 27 39 81 45 3 20 68 12 21 71 30 80 14 
73 97 69 99 79 32 48 4 89 18 43 66 23 52 60 9 22 59 36 83 97 56 26 82 37 78 61 87 30 13 53 90 31 72 29 27 33 46 50 2 57 14 42 65 47 58 75 5 70 67 88 49 12 15 76 25 20 85 35 24 6 38 45 84 96 41 0 80 8 51 10 16 71 94 93 39 62 74 34 44 91 55 98 64 7 40 63 95 19 1 28 54 3 68 92 21 17 77 86 
74 98 13 90 69 48 4 89 18 43 66 23 52 60 73 56 46 20 35 96 0 97 29 10 2 94 44 53 99 49 76 92 91 8 3 51 5 12 64 80 1 7 9 16 75 31 37 62 15 87 79 47 41 36 27 61 77 50 38 14 63 24 6 81 98 32 40 88 33 42 58 78 28 95 19 26 59 45 70 84 34 68 83 72 25 54 11 85 67 39 21 71 17 30 57 86 65 22 93 82 
75 95 13 45 92 32 69 48 4 89 18 43 66 23 52 60 73 56 46 20 35 96 0 97 29 10 2 94 44 53 99 49 76 74 91 90 64 7 31 37 80 9 79 47 68 65 12 1 3 36 19 40 26 6 81 27 25 77 50 67 21 16 72 5 59 38 24 54 88 17 82 86 85 33 22 42 98 41 78 63 95 28 70 15 84 34 8 83 62 39 71 57 51 87 14 93 58 
76 96 32 69 13 48 4 18 43 66 23 52 60 73 56 46 20 35 96 0 97 29 10 2 94 44 53 99 49 74 71 57 91 14 38 3 40 11 90 7 64 85 51 31 17 79 62 6 22 75 27 12 68 37 5 24 1 33 78 67 61 9 47 82 36 19 45 81 92 98 50 41 88 26 70 93 87 39 16 42 89 84 63 95 59 15 34 55 72 28 54 21 30 80 77 86 65 58 
77 85 49 69 13 48 18 23 60 20 35 96 0 97 29 2 94 53 99 74 90 75 36 50 42 78 19 83 72 85 6 39 68 81 12 17 30 57 9 80 71 5 45 10 64 52 67 92 4 51 88 28 73 76 32 59 21 33 41 44 38 25 8 95 86 91 7 56 31 87 16 89 37 3 79 46 47 24 40 27 61 65 70 14 22 93 82 
78 92 94 34 13 4 89 18 43 23 52 60 73 56 46 20 96 0 97 29 10 2 44 53 99 49 76 74 91 90 64 7 31 75 37 79 47 36 27 50 5 38 24 98 40 41 88 16 42 17 63 11 95 19 35 84 54 77 26 59 70 58 15 8 80 83 62 55 45 3 85 39 1 72 28 6 25 67 86 68 30 81 12 92 33 57 9 51 87 61 14 65 22 82 
79 98 73 32 69 13 48 4 89 18 43 66 52 60 56 46 20 35 96 0 97 29 10 2 94 44 53 99 49 76 74 91 90 64 7 31 75 37 23 47 82 36 27 50 5 59 39 57 17 42 38 63 40 58 24 30 98 41 21 88 16 78 95 19 26 70 72 15 9 6 84 80 34 8 83 62 25 67 55 1 28 54 11 85 45 3 68 81 12 92 33 71 77 86 51 87 14 65 22 93 
80 83 35 32 69 13 48 18 43 52 73 20 96 0 97 29 10 2 44 49 74 31 75 79 47 36 27 50 98 40 78 95 59 15 34 83 28 6 39 81 12 21 71 17 57 9 94 1 4 92 91 60 86 30 5 37 51 77 63 41 38 25 53 72 54 99 33 88 70 87 24 61 56 76 16 84 11 62 3 67 42 66 14 65 93 
81 85 53 30 13 89 43 66 60 20 35 0 97 29 2 94 44 49 76 74 64 31 75 37 36 27 24 42 78 95 70 84 34 62 55 1 72 28 25 54 11 6 67 39 45 3 68 18 15 93 50 63 90 77 71 99 10 61 79 85 9 40 91 80 58 23 38 19 7 12 59 48 47 57 82 8 32 92 33 52 83 4 21 17 86 65 22 
82 81 19 32 69 13 4 18 43 23 60 73 56 20 35 96 29 94 99 76 90 31 75 79 27 50 98 42 63 26 59 15 1 72 54 85 45 81 71 17 51 61 58 66 11 70 49 40 95 34 5 77 88 93 41 36 44 0 52 78 91 48 53 46 10 97 2 74 8 86 84 83 64 7 30 37 38 24 3 47 21 16 87 
83 93 59 32 69 13 48 4 89 18 66 23 52 60 73 46 35 0 29 10 2 44 99 49 74 91 90 64 7 37 79 47 36 27 50 5 38 24 98 40 41 88 16 42 78 63 95 19 26 70 15 84 34 8 45 96 67 58 77 43 62 92 11 39 55 85 1 56 72 68 28 20 25 22 9 97 54 94 87 53 6 80 75 3 81 12 33 21 71 30 86 61 65 93 82 
84 94 31 32 69 13 48 89 18 43 66 23 52 60 73 56 46 35 96 97 10 2 44 53 99 49 76 74 90 64 7 37 79 47 36 27 50 5 38 24 98 40 41 88 16 42 78 63 95 19 26 59 70 15 0 34 8 83 9 62 20 29 55 39 94 1 22 4 91 75 72 87 28 25 54 11 85 6 67 45 3 68 81 12 33 21 17 57 80 86 61 14 65 93 58 82 
85 89 70 13 48 4 89 43 23 52 73 20 35 96 0 97 29 2 94 44 99 49 76 91 90 64 7 75 47 36 50 5 24 98 40 41 88 16 42 78 95 19 26 59 15 84 34 8 83 62 55 1 72 28 25 54 11 18 6 61 46 14 77 27 58 10 74 31 53 69 37 67 66 39 82 79 45 86 17 56 65 38 71 3 81 92 33 21 30 57 93 
86 83 29 32 69 13 48 4 18 43 66 23 52 60 46 20 35 96 0 97 10 2 53 99 49 31 75 47 50 24 40 16 42 78 19 34 8 1 25 85 39 45 17 57 80 77 88 94 73 70 89 5 56 54 30 44 91 51 83 76 74 67 81 84 3 64 87 90 7 37 61 63 95 79 14 93 36 27 38 58 41 6 98 22 82 
87 83 33 32 69 13 48 4 89 18 43 66 73 56 46 20 35 96 0 97 29 44 49 76 74 91 31 37 47 50 5 38 24 88 16 42 19 59 84 83 25 54 67 3 12 17 30 57 80 77 86 51 90 34 40 98 23 21 9 41 10 61 79 14 36 64 65 71 2 75 8 7 53 22 94 26 99 27 78 1 63 95 52 93 82 
88 96 97 32 13 48 4 89 43 66 52 60 73 56 46 20 0 10 2 94 44 53 49 76 74 91 90 64 7 31 75 37 79 47 36 27 50 5 38 24 98 40 41 39 68 71 54 85 42 95 59 16 35 70 57 78 55 96 69 63 72 15 19 67 28 92 11 29 26 1 84 93 99 9 6 18 34 87 8 45 58 17 83 62 25 12 33 21 30 80 77 86 51 61 14 65 22 82 
89 96 4 43 1 32 69 13 48 18 88 45 72 66 30 37 0 50 67 34 79 23 74 52 60 16 68 11 17 91 42 33 78 83 73 65 63 5 19 12 22 56 26 8 59 51 93 39 7 10 75 85 53 35 64 57 96 62 46 95 87 70 31 61 6 47 27 2 90 14 15 81 84 20 36 97 58 9 38 24 29 94 55 44 99 49 76 98 40 41 25 54 3 92 21 71 77 86 
90 94 74 41 26 69 13 4 89 18 43 66 23 52 60 73 56 46 20 35 96 0 97 29 10 2 94 44 53 99 49 76 91 63 57 95 85 7 88 70 19 64 31 37 9 75 21 71 62 28 79 47 82 36 84 14 27 50 8 5 54 59 77 65 15 45 32 92 83 48 38 24 67 98 40 16 42 17 22 34 78 55 1 72 11 6 39 3 68 81 33 30 86 51 87 93 
91 98 46 6 69 13 4 89 18 43 66 23 52 60 73 56 20 35 96 0 97 29 10 2 94 44 53 99 49 76 74 72 87 90 64 92 7 61 85 31 14 65 36 75 22 8 67 3 32 37 39 79 83 47 27 28 41 24 50 25 5 45 17 1 38 93 98 40 30 54 63 33 88 51 16 42 95 11 78 19 58 26 59 70 15 84 34 62 55 68 81 12 21 71 57 9 80 77 86 82 
92 85 75 17 57 32 13 48 18 43 66 46 20 96 29 10 2 94 44 76 74 91 90 64 37 36 27 5 38 40 88 16 95 19 70 8 83 55 1 28 25 54 11 6 67 45 3 81 12 35 42 68 39 73 33 23 78 79 65 89 7 31 85 47 50 69 9 58 24 52 59 56 97 21 63 71 15 53 60 98 41 0 34 80 77 22 93 
93 82 30 32 69 13 48 89 18 66 23 73 56 20 35 29 10 2 94 53 99 49 76 91 64 7 37 50 5 88 95 19 26 62 55 11 45 81 17 86 51 61 44 87 85 63 8 52 4 84 98 96 36 74 31 90 75 43 77 79 21 33 0 97 83 47 80 60 46 6 27 38 58 92 1 25 24 40 41 57 71 16 59 82 
94 97 10 78 19 54 11 67 32 69 13 48 4 89 18 43 66 23 52 60 73 56 46 20 35 96 0 97 29 2 41 6 39 93 88 45 85 82 44 53 99 68 21 95 34 33 92 72 3 98 25 49 76 42 81 36 27 26 12 40 28 71 74 47 91 90 17 50 64 30 5 57 7 31 75 37 15 59 77 79 58 70 9 38 24 63 84 8 83 62 1 80 86 51 87 61 14 65 22 
95 93 29 32 69 13 4 89 66 23 52 60 56 46 97 10 94 53 99 49 74 91 90 64 7 31 75 37 79 47 36 27 50 5 38 24 98 40 41 88 16 42 78 63 19 26 59 70 73 80 15 84 57 34 8 68 83 62 55 44 81 1 28 93 72 43 96 12 25 2 54 0 11 85 6 61 67 39 21 45 14 76 92 33 71 17 30 9 77 86 51 87 65 58 82 
96 95 56 37 36 15 32 69 13 48 4 89 18 43 66 23 52 60 73 46 20 35 0 97 91 87 42 75 7 22 29 8 78 10 63 71 2 57 94 92 82 44 30 33 76 53 26 9 28 99 72 86 49 74 34 90 85 64 31 79 84 47 25 27 80 11 24 50 59 54 5 38 17 68 77 55 98 14 16 6 40 67 41 88 95 19 70 83 62 39 3 12 21 51 65 93 58 
97 98 43 2 88 32 69 13 48 4 89 18 66 23 52 60 73 56 46 20 35 96 0 41 8 29 10 95 19 91 79 87 94 45 44 86 53 99 49 76 77 80 70 39 24 67 74 62 90 17 26 85 9 71 64 16 14 7 31 75 37 61 65 47 36 27 42 50 34 78 5 38 51 63 98 30 40 22 59 81 33 15 84 83 55 1 72 28 54 11 6 3 68 12 92 21 57 93 58 82 
98 96 48 32 4 18 43 66 60 73 56 46 20 35 96 0 97 10 2 94 44 53 99 49 76 74 91 90 64 7 31 75 37 79 47 36 27 50 5 38 24 29 40 15 23 57 11 6 55 58 88 70 19 69 39 13 52 9 41 28 80 16 42 78 63 95 21 89 26 59 84 34 8 83 62 1 72 82 25 54 85 17 67 45 3 68 12 92 33 71 30 86 51 87 14 65 22 93 
99 98 73 22 32 69 48 4 18 43 66 23 52 60 56 46 20 35 96 0 97 29 10 2 94 44 53 16 21 95 55 15 67 82 90 24 49 78 76 19 71 64 84 89 8 17 74 13 91 7 26 5 77 98 38 93 30 79 40 72 41 31 75 25 83 59 37 28 34 47 39 61 85 36 58 57 54 11 9 27 3 86 6 50 88 42 63 70 62 1 45 68 81 12 33 80 51 87 14 65 
