100 500
0 13 30 3 39 15 49 19 34 1 92 66 10 40 18 
1 11 89 91 85 23 87 0 63 48 74 4 93 
2 6 93 42 19 97 6 38 
3 12 0 85 23 28 62 33 14 11 47 80 79 17 
4 8 72 57 38 94 89 84 64 1 
5 11 89 76 41 54 96 88 71 31 22 26 84 
6 11 93 88 97 98 63 85 64 83 68 2 95 
7 12 92 44 52 42 38 25 90 72 56 8 82 14 
8 13 44 47 84 62 50 20 61 7 21 72 13 24 54 
9 7 99 24 45 52 81 66 80 
10 7 76 89 11 19 62 41 0 
11 13 31 45 69 32 38 3 10 15 91 18 68 71 74 
12 7 20 88 35 70 90 62 33 
13 12 69 64 15 37 32 25 78 34 74 23 8 49 
14 8 78 36 81 23 3 90 21 7 
15 12 13 90 67 54 0 24 11 47 37 16 83 46 
16 8 71 89 36 74 49 99 15 17 
17 10 99 63 72 83 89 23 92 3 87 16 
18 6 70 38 60 11 45 0 
19 14 43 44 77 61 0 2 46 92 72 10 90 40 27 37 
20 12 84 92 42 12 46 31 8 37 26 85 99 47 
21 12 29 38 81 22 8 33 14 70 95 85 84 86 
22 12 89 45 97 29 21 72 54 5 78 85 50 93 
23 12 3 96 47 14 33 36 1 49 17 13 29 58 
24 9 9 43 49 15 93 25 48 8 98 
25 7 31 46 13 7 38 44 24 
26 9 83 66 51 63 20 31 45 74 5 
27 7 95 30 49 71 41 19 60 
28 8 3 89 87 75 57 84 64 40 
29 9 56 21 82 77 22 96 65 23 49 
30 17 27 0 81 48 56 34 97 53 50 80 39 91 96 46 79 35 74 
31 9 36 11 25 82 20 45 52 26 5 
32 6 13 11 61 44 62 39 
33 13 84 3 39 23 62 58 56 77 74 21 12 38 69 
34 7 57 30 0 53 13 72 76 
35 7 56 61 96 38 95 12 30 
36 12 14 31 75 97 46 16 23 95 88 49 89 59 
37 6 13 38 20 78 15 19 
38 13 18 4 7 11 37 21 35 60 25 51 33 99 2 
39 10 0 63 33 50 73 30 82 78 32 49 
40 8 48 81 67 47 19 28 0 92 
41 10 5 62 47 50 77 71 27 46 10 93 
42 6 20 94 68 7 2 58 
43 9 24 65 19 98 74 49 81 69 56 
44 5 7 8 19 32 25 
45 11 11 9 79 22 31 49 62 26 18 76 53 
46 14 36 20 25 80 51 69 19 99 74 73 30 95 41 15 
47 12 68 8 23 41 61 62 55 40 15 3 88 20 
48 10 30 51 57 40 76 52 83 1 24 89 
49 14 50 0 27 24 43 65 45 16 23 36 97 13 39 29 
50 10 57 49 41 30 39 8 87 82 22 68 
51 8 48 66 64 46 26 94 38 85 
52 13 60 84 88 87 91 71 7 85 9 31 48 73 92 
53 7 91 65 30 34 78 64 45 
54 10 15 63 82 5 93 70 22 61 57 8 
55 5 59 76 87 47 89 
56 11 30 29 79 35 92 87 33 7 76 43 93 
57 9 48 50 34 4 28 54 83 81 82 
58 8 80 66 33 84 94 23 42 63 
59 8 67 55 99 75 70 72 85 36 
60 15 52 95 89 83 98 64 86 93 38 18 62 94 87 27 73 
61 10 35 83 19 92 47 96 8 32 86 54 
62 12 70 41 3 8 33 47 45 60 12 10 75 32 
63 11 54 39 65 17 99 26 6 1 98 70 58 
64 12 13 66 60 93 51 79 4 6 53 28 71 75 
65 8 43 98 63 53 49 83 29 82 
66 8 64 26 51 58 9 0 98 92 
67 3 15 59 40 
68 7 42 47 77 11 85 6 50 
69 7 95 13 11 46 93 43 33 
70 12 84 18 99 62 85 59 12 54 73 77 21 63 
71 11 92 16 52 89 96 77 5 11 27 41 64 
72 9 84 4 17 7 59 19 22 8 34 
73 10 86 87 39 78 46 52 70 84 75 60 
74 12 92 43 16 84 46 26 13 33 1 11 75 30 
75 7 36 28 59 73 62 74 64 
76 10 5 10 48 79 92 55 56 99 45 34 
77 12 81 68 19 78 29 96 71 33 41 70 94 88 
78 9 88 14 77 13 53 37 73 39 22 
79 10 56 95 76 45 64 85 3 30 94 81 
80 8 88 58 46 30 83 3 89 9 
81 11 30 77 14 40 21 43 9 97 79 57 85 
82 11 54 31 96 29 39 85 50 86 7 65 57 
83 11 60 26 61 84 80 17 65 48 6 57 15 
84 15 52 33 20 70 72 8 83 4 74 95 28 58 73 5 21 
85 15 3 92 70 52 1 6 59 82 79 68 51 22 20 81 21 
86 7 88 73 60 61 82 87 21 
87 12 52 28 73 55 50 56 1 86 60 93 95 17 
88 12 52 78 86 93 80 6 5 12 97 36 77 47 
89 17 60 5 22 1 16 28 71 91 10 4 55 17 80 36 90 48 95 
90 6 15 14 7 19 12 89 
91 7 52 53 89 1 30 11 96 
92 15 20 74 7 71 76 85 56 61 98 19 52 0 17 66 40 
93 13 88 6 2 60 64 69 24 54 87 41 22 1 56 
94 8 42 4 95 51 58 60 79 77 
95 13 60 69 27 79 94 35 84 36 46 87 21 89 6 
96 11 23 82 35 5 77 61 29 98 71 30 91 
97 8 36 30 6 22 88 2 81 49 
98 9 60 65 43 92 6 96 63 24 66 
99 10 70 9 17 59 63 46 16 76 20 38 
