20
0 7 16 3 15 1 8 12 14 
1 10 13 9 10 2 4 6 12 15 0 16 
2 11 1 6 5 7 9 17 15 13 3 8 10 
3 10 5 7 13 8 0 12 14 15 19 2 
4 10 8 1 5 19 12 18 6 15 10 9 
5 10 19 3 2 4 6 10 14 12 9 11 
6 11 9 2 14 1 17 15 5 18 7 12 4 
7 10 13 3 12 2 11 8 14 6 18 19 
8 12 12 18 4 17 13 3 15 7 10 19 0 2 
9 11 1 19 11 6 12 2 15 10 16 5 4 
10 10 1 15 8 5 9 12 13 16 4 2 
11 5 9 19 7 12 5 
12 15 13 15 8 7 9 19 3 4 17 1 6 10 5 0 11 
13 11 12 1 7 3 8 16 19 15 18 10 2 
14 8 18 19 6 7 3 5 0 17 
15 14 12 16 18 8 9 10 0 6 13 2 3 1 4 19 
16 7 15 0 19 13 1 10 9 
17 7 8 6 2 12 18 19 14 
18 8 8 14 15 6 13 17 4 7 
19 13 9 5 14 11 16 12 4 13 3 8 17 15 7 
